
31128
31129
31131
31132
31133
31134
31137
31139
31140
31141
31142
31143
31144
31145
31146
31147
31148
31149
31150
31151
31152
31153
31154
31155
31156
31157
31158
31159
31160
31161
31162
31163
31164
31166
31167
31170
31171
31172
31173
31174
31177
31178
31179
31180
31181
31183
31186
31187
31189
31191
31192
31193
31194
31195
31196
31199
31201
31203
31204
31206
31207
31208
31211
31212
31213
31214
31215
31218
31219
31220
31221
31223
31224
31225
31226
31227
31228
31230
31231
31232
31235
31237
31238
31239
31240
31241
31242
31244
31245
31246
31248
31250
31252
31254
31255
31257
31258
31259
31261
31262
31263
31264
31265
31266
31267
31268
31269
31270
31271
31272
31273
31274
31275
31276
31277
31278
31279
31280
31284
31285
31286
31288
31289
31290
31291
31292
31293
31295
31297
31298
31299
31300
31301
31303
31304
31305
31307
31308
31309
31310
31311
31312
31313
31314
31316
31317
31318
31319
31320
31321
31324
31325
31328
31329
31330
31331
31332
31333
31334
31336
31337
31339
31341
31342
31343
31344
31345
31346
31348
31349
31350
31351
31352
31353
31358
31360
31361
31362
31364
31365
31367
31370
31371
31372
31373
31375
31376
31378
31379
31380
31381
31382
31383
31384
31385
31386
31387
31388
31389
31391
31395
31396
31397
31398
31399
31400
31402
31403
31406
31407
31409
31410
31413
31415
31416
31417
31418
31420
31423
31425
31426
31427
31428
31429
31430
31431
31432
31434
31435
31437
31439
31441
31442
31443
31446
31447
31451
31452
31453
31454
31456
31457
31458
31460
31463
31464
31465
31466
31468
31469
31470
31471
31472
31474
31477
31478
31480
31482
31483
31484
31485
31486
31487
31488
31489
31491
31492
31494
31495
31496
31497
31498
31499
31501
31502
31503
31504
31505
31506
31507
31508
31509
31510
31511
31512
31514
31515
31516
31517
31518
31519
31520
31521
31522
31524
31525
31527
31528
31529
31530
31531
31532
31533
31534
31535
31537
31539
31540
31541
31543
31544
31545
31546
31548
31549
31550
31551
31553
31556
31558
31559
31560
31561
31563
31565
31566
31567
31568
31569
31570
31571
31574
31575
31577
31579
31580
31582
31583
31585
31586
31588
31589
31590
31591
31592
31593
31594
31596
31597
31599
31601
31603
31604
31605
31606
31607
31608
31609
31610
31611
31615
31616
31617
31618
31619
31620
31622
31625
31627
31629
31630
31631
31633
31634
31635
31636
31637
31638
31639
31640
31641
31643
31645
31646
31647
31649
31650
31651
31652
31653
31654
31655
31657
31658
31660
31661
31662
31663
31664
31666
31668
31669
31670
31671
31672
31674
31675
31677
31679
31680
31682
31684
31685
31686
31687
31689
31690
31691
31692
31694
31695
31698
31699
31700
31701
31702
31703
31704
31706
31707
31708
31709
31710
31711
31712
31714
31717
31718
31719
31720
31721
31722
31724
31725
31728
31729
31730
31731
31732
31734
31736
31737
31739
31740
31741
31742
31743
31744
31745
31746
31747
31748
31749
31750
31751
31753
31754
31756
31757
31762
31763
31764
31765
31766
31767
31768
31769
31771
31772
31776
31778
31779
31780
31781
31784
31785
31786
31787
31788
31789
31790
31791
31792
31793
31795
31796
31797
31799
31800
31801
31802
31804
31806
31807
31808
31811
31813
31814
31816
31817
31819
31820
31821
31822
31823
31824
31827
31828
31830
31831
31833
31835
31836
31837
31838
31839
31840
31842
31843
31844
31847
31848
31849
31850
31854
31855
31857
31858
31859
31862
31863
31864
31865
31866
31867
31868
31870
31871
31872
31873
31874
31877
31878
31879
31880
31882
31884
31885
31886
31888
31889
31890
31893
31894
31896
31897
31898
31899
31903
31905
31907
31909
31912
31913
31914
31919
31920
31921
31922
31923
31924
31925
31926
31929
31931
31932
31933
31934
31936
31937
31939
31940
31943
31944
31945
31946
31947
31948
31949
31950
31951
31952
31953
31957
31958
31959
31960
31961
31962
31963
31964
31966
31967
31968
31969
31970
31971
31972
31973
31974
31975
31976
31977
31978
31979
31981
31982
31985
31986
31988
31989
31990
31991
31992
31993
31994
31995
31996
31998
31999
32000
32001
32003
32004
32006
32007
32008
32010
32011
32012
32013
32014
32015
32016
32017
32018
32019
32022
32024
32025
32026
32027
32030
32033
32034
32035
32036
32037
32038
32039
32040
32042
32043
32045
32046
32047
32048
32049
32050
32051
32052
32055
32058
32061
32062
32063
32065
32066
32067
32068
32071
32072
32073
32074
32075
32076
32077
32078
32079
32081
32082
32083
32084
32086
32088
32089
32091
32092
32093
32094
32097
32099
32102
32103
32104
32107
32108
32109
32110
32111
32112
32113
32114
32115
32117
32118
32120
32122
32123
32124
32127
32129
32130
32131
32132
32133
32134
32135
32136
32137
32138
32140
32141
32142
32143
32145
32146
32148
32149
32150
32151
32152
32153
32154
32155
32158
32162
32163
32164
32165
32167
32168
32172
32175
32176
32177
32179
32180
32181
32182
32183
32185
32186
32188
32190
32191
32195
32196
32197
32198
32199
32200
32201
32202
32203
32204
32205
32208
32210
32211
32212
32213
32214
32216
32217
32218
32221
32223
32225
32226
32228
32229
32230
32234
32236
32239
32240
32241
32242
32243
32244
32245
32246
32248
32249
32250
32251
32254
32255
32256
32257
32259
32261
32262
32266
32267
32268
32269
32270
32271
32272
32273
32275
32276
32278
32279
32280
32281
32283
32284
32285
32286
32287
32288
32290
32291
32294
32295
32296
32298
32300
32301
32302
32303
32304
32306
32309
32310
32312
32313
32314
32315
32316
32317
32318
32319
32320
32321
32324
32325
32326
32328
32329
32330
32331
32333
32334
32337
32338
32339
32342
32343
32344
32345
32346
32349
32350
32352
32354
32355
32356
32357
32358
32359
32360
32361
32362
32364
32367
32368
32369
32370
32373
32375
32377
32378
32380
32381
32382
32383
32384
32385
32386
32388
32389
32390
32391
32392
32393
32395
32396
32399
32400
32401
32403
32404
32405
32406
32407
32408
32409
32411
32414
32416
32419
32420
32423
32424
32427
32428
32429
32430
32431
32433
32434
32436
32437
32438
32439
32440
32441
32442
32443
32444
32445
32447
32448
32452
32453
32454
32456
32458
32459
32460
32461
32462
32464
32465
32467
32469
32472
32474
32475
32476
32477
32478
32479
32480
32481
32483
32484
32485
32488
32489
32490
32493
32494
32495
32497
32498
32499
32500
32501
32502
32503
32504
32506
32508
32509
32511
32513
32514
32515
32516
32517
32518
32519
32520
32521
32522
32523
32524
32526
32527
32528
32529
32530
32531
32532
32534
32537
32538
32540
32541
32543
32544
32548
32549
32550
32551
32552
32553
32555
32556
32558
32559
32560
32564
32565
32566
32567
32570
32572
32573
32574
32575
32576
32577
32578
32580
32581
32583
32585
32586
32588
32589
32591
32592
32594
32596
32597
32598
32599
32600
32601
32602
32603
32604
32605
32606
32609
32610
32613
32614
32615
32616
32619
32620
32621
32622
32623
32624
32625
32626
32627
32629
32630
32631
32632
32634
32635
32636
32638
32639
32640
32641
32642
32643
32644
32645
32646
32647
32648
32649
32650
32651
32653
32654
32655
32657
32660
32661
32662
32663
32665
32666
32670
32671
32672
32673
32674
32675
32676
32677
32680
32681
32683
32684
32685
32686
32687
32688
32689
32690
32691
32692
32693
32695
32697
32698
32703
32704
32706
32708
32709
32710
32711
32712
32714
32715
32716
32717
32718
32719
32721
32722
32725
32726
32727
32730
32731
32732
32733
32734
32737
32738
32739
32742
32743
32744
32745
32746
32747
32748
32749
32750
32751
32753
32755
32756
32758
32759
32760
32761
32762
32763
32765
32767
32768
32769
32771
32773
32775
32776
32777
32778
32779
32781
32783
32785
32786
32787
32788
32789
32790
32791
32794
32796
32797
32799
32800
32801
32802
32803
32804
32806
32807
32808
32809
32810
32812
32813
32814
32815
32817
32819
32820
32821
32822
32823
32824
32825
32827
32829
32830
32832
32835
32836
32837
32838
32839
32840
32841
32842
32845
32847
32848
32849
32850
32855
32857
32859
32865
32866
32867
32868
32869
32870
32871
32873
32874
32875
32876
32878
32879
32880
32881
32882
32884
32885
32887
32888
32889
32890
32891
32892
32893
32895
32897
32899
32900
32901
32902
32903
32904
32905
32906
32908
32909
32910
32911
32913
32914
32915
32916
32917
32918
32919
32920
32921
32922
32923
32924
32925
32926
32927
32928
32929
32930
32931
32932
32934
32935
32937
32938
32939
32940
32941
32943
32945
32946
32947
32948
32950
32952
32954
32955
32956
32958
32959
32960
32962
32963
32964
32965
32966
32969
32971
32972
32973
32975
32977
32978
32979
32980
32981
32982
32983
32984
32985
32986
32988
32989
32991
32992
32993
32994
32996
32997
32998
32999
33001
33002
33005
33006
33007
33008
33011
33013
33014
33015
33017
33020
33022
33023
33024
33026
33028
33029
33030
33031
33034
33036
33037
33039
33040
33041
33042
33043
33044
33046
33048
33049
33050
33051
33053
33055
33056
33057
33058
33059
33060
33062
33065
33066
33067
33069
33070
33071
33072
33073
33075
33076
33077
33079
33080
33081
33082
33084
33085
33086
33088
33090
33092
33093
33094
33095
33096
33097
33099
33100
33101
33104
33105
33106
33107
33108
33109
33110
33111
33113
33114
33115
33120
33121
33122
33123
33124
33125
33127
33128
33130
33131
33132
33134
33137
33139
33140
33141
33143
33144
33145
33146
33152
33153
33154
33156
33158
33160
33161
33162
33163
33165
33166
33167
33168
33169
33170
33172
33173
33175
33176
33177
33178
33179
33181
33182
33183
33184
33185
33186
33188
33189
33190
33191
33193
33195
33196
33197
33198
33200
33201
33202
33203
33206
33207
33208
33209
33211
33213
33214
33215
33216
33217
33219
33220
33221
33222
33223
33224
33225
33226
33227
33228
33229
33230
33231
33232
33233
33235
33236
33237
33238
33239
33240
33241
33244
33245
33246
33247
33249
33251
33253
33254
33256
33257
33259
33261
33262
33263
33265
33266
33270
33271
33272
33274
33275
33278
33280
33281
33282
33284
33285
33286
33287
33289
33290
33291
33294
33295
33296
33300
33302
33303
33305
33306
33307
33309
33311
33312
33315
33316
33317
33319
33320
33321
33323
33324
33325
33328
33329
33330
33331
33332
33335
33337
33338
33344
33345
33346
33348
33349
33351
33352
33355
33356
33357
33358
33359
33360
33361
33362
33363
33364
33365
33366
33367
33368
33374
33375
33376
33379
33380
33381
33383
33384
33385
33386
33387
33389
33390
33391
33392
33393
33394
33395
33396
33397
33399
33400
33402
33403
33404
33406
33409
33410
33411
33412
33413
33414
33415
33416
33418
33419
33420
33423
33424
33425
33426
33428
33429
33430
33434
33436
33438
33439
33441
33442
33443
33444
33445
33446
33447
33448
33449
33450
33451
33452
33453
33454
33455
33457
33458
33461
33464
33465
33466
33467
33468
33469
33470
33471
33475
33476
33477
33478
33479
33483
33484
33485
33488
33489
33491
33492
33494
33496
33497
33500
33501
33502
33503
33504
33505
33506
33507
33508
33509
33510
33512
33514
33516
33517
33518
33519
33520
33524
33525
33526
33527
33529
33530
33531
33532
33533
33534
33535
33536
33538
33540
33541
33542
33543
33544
33545
33546
33548
33549
33550
33551
33552
33553
33554
33556
33557
33559
33560
33561
33562
33563
33565
33566
33568
33569
33570
33574
33575
33576
33577
33578
33579
33581
33582
33583
33584
33585
33587
33588
33589
33590
33591
33592
33594
33595
33596
33597
33604
33605
33606
33607
33609
33610
33611
33612
33614
33615
33616
33617
33618
33619
33620
33621
33624
33625
33627
33629
33630
33633
33634
33635
33637
33639
33641
33642
33643
33644
33645
33646
33647
33648
33652
33653
33656
33657
33658
33659
33660
33661
33662
33663
33665
33666
33667
33668
33669
33670
33674
33675
33676
33677
33679
33680
33681
33682
33684
33687
33688
33690
33691
33693
33694
33695
33696
33698
33699
33700
33702
33708
33711
33712
33715
33718
33719
33720
33721
33722
33725
33726
33727
33728
33729
33730
33731
33732
33733
33734
33735
33736
33737
33738
33740
33741
33742
33743
33744
33745
33746
33747
33748
33750
33751
33753
33754
33755
33756
33757
33761
33762
33765
33766
33767
33768
33770
33771
33773
33774
33775
33777
33778
33779
33780
33781
33782
33783
33784
33786
33787
33788
33789
33790
33792
33793
33796
33797
33798
33800
33801
33802
33803
33805
33806
33808
33809
33810
33812
33814
33815
33816
33817
33818
33819
33821
33823
33824
33825
33827
33828
33830
33831
33833
33834
33835
33836
33838
33839
33840
33841
33842
33844
33845
33846
33847
33848
33850
33851
33852
33853
33854
33855
33857
33860
33861
33863
33864
33866
33867
33870
33871
33872
33874
33876
33877
33879
33880
33884
33885
33886
33888
33889
33890
33892
33894
33895
33899
33900
33902
33904
33907
33908
33910
33911
33912
33913
33914
33915
33916
33917
33918
33920
33922
33924
33925
33926
33928
33929
33930
33931
33932
33934
33935
33936
33938
33941
33942
33944
33945
33947
33948
33949
33951
33952
33954
33955
33956
33958
33959
33960
33961
33963
33965
33966
33967
33968
33969
33971
33972
33974
33975
33976
33977
33978
33981
33982
33983
33985
33986
33987
33988
33989
33990
33992
33993
33994
33995
33998
34000
34001
34002
34003
34004
34005
34006
34007
34008
34009
34010
34011
34012
34013
34014
34015
34016
34017
34020
34021
34022
34023
34026
34027
34028
34029
34030
34031
34032
34035
34036
34037
34038
34040
34041
34042
34043
34044
34045
34046
34047
34049
34050
34051
34052
34054
34056
34057
34058
34059
34060
34061
34062
34063
34064
34066
34067
34068
34069
34070
34071
34073
34074
34078
34079
34080
34082
34083
34084
34085
34086
34087
34088
34090
34091
34092
34093
34094
34095
34096
34097
34098
34099
34100
34101
34102
34105
34107
34108
34109
34111
34113
34114
34116
34117
34118
34120
34121
34122
34123
34124
34126
34127
34128
34129
34131
34132
34133
34134
34135
34136
34137
34138
34140
34141
34142
34144
34145
34146
34147
34148
34150
34151
34152
34154
34155
34156
34157
34158
34161
34164
34165
34166
34167
34168
34169
34170
34171
34172
34173
34174
34175
34176
34179
34180
34183
34184
34185
34186
34187
34188
34189
34191
34193
34194
34196
34198
34202
34203
34204
34205
34206
34207
34209
34211
34212
34213
34214
34215
34216
34217
34218
34219
34220
34221
34223
34225
34226
34227
34228
34230
34231
34233
34234
34235
34236
34239
34240
34241
34245
34247
34248
34249
34250
34251
34252
34253
34254
34256
34257
34259
34263
34265
34266
34268
34269
34270
34272
34273
34274
34275
34276
34277
34278
34280
34283
34284
34286
34287
34288
34289
34290
34291
34292
34293
34294
34295
34296
34299
34300
34301
34302
34303
34304
34305
34306
34310
34311
34312
34314
34317
34318
34319
34325
34326
34327
34328
34329
34331
34332
34333
34334
34335
34336
34338
34339
34340
34341
34343
34344
34345
34347
34350
34351
34352
34353
34354
34356
34358
34359
34360
34361
34363
34364
34365
34366
34367
34368
34370
34371
34372
34373
34374
34375
34376
34377
34378
34380
34381
34382
34383
34384
34387
34388
34389
34390
34391
34393
34394
34395
34396
34397
34398
34399
34401
34402
34403
34405
34406
34407
34408
34409
34410
34411
34412
34414
34415
34416
34417
34418
34419
34420
34421
34422
34423
34424
34427
34430
34431
34432
34433
34434
34435
34437
34438
34439
34443
34444
34448
34449
34450
34452
34454
34455
34456
34457
34458
34461
34462
34463
34464
34465
34467
34468
34469
34470
34472
34473
34475
34477
34478
34479
34481
34482
34483
34484
34487
34488
34490
34491
34498
34499
34500
34501
34502
34504
34505
34506
34507
34508
34509
34510
34512
34513
34514
34515
34516
34517
34518
34520
34522
34523
34524
34525
34526
34527
34528
34530
34531
34532
34534
34535
34536
34538
34540
34541
34542
34543
34544
34546
34547
34548
34551
34554
34555
34556
34557
34561
34562
34563
34564
34565
34566
34569
34570
34571
34572
34573
34574
34575
34577
34578
34579
34581
34582
34583
34584
34586
34590
34591
34592
34593
34594
34595
34596
34597
34599
34602
34603
34605
34606
34607
34608
34609
34612
34613
34614
34615
34617
34618
34619
34620
34621
34622
34623
34624
34625
34627
34628
34631
34632
34633
34635
34636
34637
34638
34640
34641
34642
34644
34645
34647
34648
34649
34650
34653
34656
34661
34662
34663
34665
34667
34669
34671
34672
34673
34675
34677
34681
34683
34684
34685
34687
34689
34690
34692
34696
34698
34699
34700
34703
34704
34705
34707
34710
34711
34712
34713
34714
34715
34716
34717
34718
34719
34720
34722
34724
34726
34727
34728
34729
34730
34731
34733
34734
34735
34739
34740
34742
34743
34744
34745
34747
34748
34750
34751
34753
34754
34756
34757
34759
34760
34761
34762
34763
34766
34769
34771
34773
34774
34775
34776
34777
34778
34779
34780
34782
34783
34784
34785
34786
34787
34789
34790
34792
34793
34794
34795
34796
34797
34799
34801
34803
34805
34807
34808
34811
34812
34813
34814
34815
34817
34818
34820
34821
34822
34824
34825
34826
34827
34828
34831
34832
34833
34834
34835
34837
34838
34839
34841
34842
34843
34844
34845
34846
34848
34849
34850
34851
34854
34855
34856
34857
34858
34859
34860
34862
34863
34864
34865
34866
34868
34869
34871
34873
34874
34875
34877
34880
34881
34882
34884
34885
34886
34887
34888
34889
34892
34893
34897
34899
34901
34902
34904
34905
34906
34907
34908
34910
34911
34912
34913
34914
34915
34917
34918
34919
34920
34922
34923
34925
34926
34927
34928
34929
34930
34933
34934
34935
34937
34938
34939
34941
34944
34945
34947
34949
34952
34953
34954
34955
34956
34960
34961
34965
34966
34967
34970
34971
34972
34973
34974
34975
34976
34977
34979
34981
34982
34983
34984
34985
34986
34987
34989
34991
34992
34993
34994
34995
34996
34997
34998
34999
35001
35002
35003
35004
35005
35006
35007
35010
35013
35015
35017
35019
35021
35022
35023
35024
35025
35027
35029
35033
35034
35036
35038
35040
35041
35042
35045
35046
35047
35048
35049
35050
35051
35053
35055
35056
35057
35058
35061
35062
35063
35065
35067
35069
35070
35071
35072
35073
35075
35076
35077
35078
35079
35080
35081
35082
35086
35087
35088
35089
35090
35091
35092
35094
35097
35098
35099
35100
35101
35102
35107
35108
35109
35110
35111
35112
35113
35114
35115
35116
35117
35119
35122
35123
35125
35126
35128
35130
35133
35134
35135
35136
35137
35138
35139
35142
35143
35144
35146
35147
35148
35149
35151
35152
35153
35154
35155
35157
35159
35160
35161
35162
35166
35168
35171
35172
35173
35174
35175
35177
35178
35180
35181
35183
35185
35186
35187
35188
35189
35190
35191
35196
35197
35198
35199
35200
35201
35202
35203
35204
35205
35206
35207
35208
35209
35210
35211
35212
35213
35214
35215
35216
35217
35218
35221
35222
35224
35225
35226
35227
35228
35232
35233
35235
35236
35238
35239
35240
35241
35243
35245
35247
35248
35249
35252
35253
35254
35255
35256
35257
35258
35260
35261
35262
35263
35265
35266
35268
35270
35271
35273
35274
35277
35278
35281
35282
35283
35284
35285
35286
35287
35288
35290
35291
35292
35295
35297
35298
35299
35300
35301
35302
35303
35305
35306
35307
35308
35309
35310
35311
35313
35314
35315
35316
35317
35318
35320
35321
35322
35324
35325
35326
35327
35328
35329
35330
35335
35336
35337
35339
35340
35341
35342
35343
35344
35345
35348
35349
35350
35351
35352
35353
35354
35355
35357
35362
35364
35367
35368
35369
35371
35372
35374
35375
35376
35377
35378
35380
35381
35382
35383
35384
35385
35386
35389
35392
35393
35394
35395
35396
35397
35399
35402
35403
35404
35405
35407
35408
35409
35410
35411
35412
35413
35414
35416
35417
35418
35419
35420
35421
35423
35424
35425
35427
35428
35429
35430
35431
35432
35434
35435
35436
35437
35438
35439
35441
35442
35443
35444
35445
35448
35450
35451
35453
35454
35455
35456
35457
35460
35462
35463
35464
35465
35466
35470
35473
35474
35475
35476
35477
35482
35483
35485
35486
35487
35488
35489
35490
35491
35493
35494
35495
35496
35497
35498
35500
35501
35503
35504
35505
35506
35507
35509
35510
35511
35512
35513
35515
35517
35521
35522
35523
35524
35525
35526
35527
35528
35529
35530
35531
35532
35533
35535
35536
35537
35540
35541
35542
35543
35545
35546
35548
35549
35550
35551
35552
35553
35554
35555
35556
35557
35558
35559
35560
35562
35564
35565
35566
35567
35568
35569
35570
35571
35572
35573
35575
35577
35578
35579
35580
35583
35584
35586
35587
35588
35592
35593
35594
35601
35602
35603
35604
35605
35606
35607
35608
35611
35612
35613
35614
35616
35617
35618
35619
35620
35621
35623
35624
35625
35626
35627
35628
35631
35632
35633
35634
35637
35638
35641
35642
35643
35644
35645
35646
35650
35651
35652
35653
35654
35655
35656
35657
35658
35659
35660
35662
35663
35664
35665
35667
35668
35669
35672
35673
35675
35676
35678
35679
35680
35681
35682
35684
35685
35686
35687
35689
35690
35691
35692
35693
35695
35696
35697
35698
35699
35700
35701
35702
35703
35704
35705
35706
35707
35708
35709
35710
35711
35712
35713
35715
35717
35718
35719
35720
35722
35724
35725
35726
35727
35729
35730
35731
35733
35735
35736
35737
35738
35739
35741
35742
35743
35744
35745
35746
35747
35748
35749
35750
35751
35752
35754
35755
35756
35760
35761
35762
35763
35764
35765
35766
35770
35771
35773
35775
35776
35777
35778
35779
35780
35781
35782
35784
35785
35786
35788
35789
35790
35791
35792
35793
35794
35795
35796
35798
35799
35800
35801
35802
35803
35804
35805
35807
35808
35809
35810
35812
35813
35816
35817
35818
35819
35820
35821
35822
35824
35826
35827
35829
35830
35832
35833
35834
35835
35836
35837
35838
35842
35845
35846
35847
35849
35851
35852
35853
35855
35856
35857
35858
35859
35862
35863
35864
35865
35867
35868
35869
35870
35872
35873
35874
35875
35876
35877
35878
35880
35881
35882
35883
35884
35885
35886
35887
35888
35889
35890
35891
35893
35894
35895
35897
35898
35902
35904
35905
35906
35907
35908
35909
35910
35912
35913
35915
35918
35919
35920
35922
35923
35925
35926
35927
35928
35929
35930
35931
35933
35935
35936
35937
35938
35939
35940
35941
35942
35943
35946
35947
35948
35949
35953
35955
35956
35957
35958
35959
35960
35962
35963
35964
35965
35967
35969
35972
35974
35975
35976
35977
35978
35979
35981
35982
35983
35985
35987
35989
35991
35992
35999
36001
36002
36003
36004
36005
36006
36007
36008
36009
36011
36012
36013
36014
36015
36016
36017
36018
36019
36021
36023
36024
36025
36026
36028
36029
36031
36032
36035
36036
36038
36040
36042
36044
36045
36046
36047
36048
36050
36052
36053
36054
36055
36056
36057
36058
36059
36061
36062
36063
36064
36065
36066
36069
36070
36071
36073
36074
36075
36077
36078
36079
36080
36081
36083
36084
36085
36086
36087
36088
36089
36090
36091
36093
36095
36096
36098
36099
36100
36101
36102
36103
36105
36106
36108
36109
36111
36112
36115
36116
36117
36118
36119
36120
36121
36122
36123
36124
36125
36128
36129
36131
36132
36133
36134
36136
36137
36138
36140
36142
36143
36144
36147
36149
36150
36152
36154
36155
36158
36159
36160
36163
36164
36165
36166
36169
36170
36171
36172
36174
36175
36176
36177
36178
36179
36184
36188
36190
36191
36192
36193
36194
36195
36196
36197
36199
36200
36201
36202
36203
36204
36207
36209
36211
36212
36213
36214
36216
36217
36218
36220
36223
36224
36225
36227
36228
36229
36230
36232
36238
36239
36240
36241
36242
36245
36246
36247
36248
36249
36250
36251
36252
36253
36254
36255
36257
36258
36262
36263
36264
36265
36266
36267
36268
36270
36271
36275
36276
36277
36278
36279
36280
36281
36282
36284
36285
36286
36287
36288
36290
36291
36292
36294
36295
36296
36298
36299
36301
36302
36303
36304
36305
36306
36307
36308
36309
36311
36312
36313
36314
36316
36319
36320
36321
36322
36323
36325
36326
36328
36329
36330
36331
36332
36333
36334
36335
36336
36337
36339
36340
36341
36342
36343
36344
36346
36348
36349
36350
36351
36352
36353
36354
36356
36357
36358
36359
36360
36361
36362
36363
36364
36365
36366
36367
36368
36370
36373
36374
36375
36377
36378
36379
36380
36381
36384
36387
36388
36389
36390
36391
36392
36394
36396
36397
36398
36400
36401
36403
36404
36407
36408
36409
36414
36415
36416
36418
36419
36420
36421
36422
36423
36424
36426
36427
36428
36429
36432
36433
36434
36436
36437
36438
36440
36441
36443
36444
36446
36451
36452
36454
36456
36457
36458
36460
36461
36462
36463
36464
36465
36466
36467
36468
36469
36470
36472
36478
36479
36480
36481
36482
36483
36484
36486
36487
36489
36490
36492
36493
36494
36496
36497
36498
36499
36500
36502
36503
36504
36506
36507
36509
36511
36512
36515
36516
36517
36518
36519
36522
36524
36525
36527
36528
36529
36531
36532
36533
36534
36535
36536
36537
36538
36539
36540
36544
36545
36546
36550
36551
36552
36553
36554
36556
36557
36558
36559
36560
36561
36563
36564
36568
36569
36570
36571
36572
36575
36577
36579
36580
36582
36584
36585
36586
36587
36589
36590
36592
36593
36595
36596
36597
36598
36600
36601
36603
36604
36605
36606
36612
36614
36615
36617
36618
36619
36620
36621
36622
36623
36625
36626
36627
36628
36629
36630
36631
36632
36633
36634
36635
36636
36637
36638
36639
36640
36642
36644
36645
36646
36647
36648
36649
36650
36651
36652
36653
36654
36655
36656
36660
36661
36662
36664
36666
36668
36670
36671
36672
36673
36674
36676
36678
36684
36685
36686
36687
36688
36690
36691
36694
36695
36698
36699
36700
36701
36702
36703
36704
36705
36706
36707
36710
36711
36713
36714
36716
36717
36718
36720
36721
36723
36725
36726
36727
36728
36729
36730
36731
36732
36733
36735
36736
36739
36741
36742
36743
36745
36746
36747
36749
36750
36752
36753
36754
36755
36756
36758
36759
36760
36761
36762
36763
36764
36767
36771
36772
36773
36774
36776
36777
36779
36782
36783
36784
36786
36787
36788
36790
36791
36792
36793
36794
36795
36797
36799
36800
36801
36802
36804
36805
36806
36808
36809
36810
36811
36812
36813
36814
36815
36816
36817
36818
36819
36821
36823
36824
36825
36826
36827
36828
36830
36832
36834
36835
36837
36838
36839
36840
36841
36842
36843
36844
36845
36847
36849
36850
36851
36855
36857
36859
36860
36861
36862
36863
36864
36865
36866
36867
36868
36869
36870
36871
36873
36875
36876
36877
36878
36879
36881
36882
36883
36885
36888
36889
36891
36892
36893
36894
36896
36897
36898
36899
36900
36902
36903
36904
36907
36908
36909
36910
36911
36913
36914
36915
36916
36917
36918
36919
36920
36922
36925
36926
36927
36928
36929
36931
36932
36933
36934
36935
36937
36939
36941
36943
36944
36945
36947
36950
36951
36952
36953
36954
36955
36956
36957
36959
36962
36963
36964
36965
36966
36967
36969
36971
36973
36974
36975
36976
36977
36978
36980
36981
36984
36985
36986
36987
36988
36991
36992
36994
36995
36996
36998
36999
37000
37001
37002
37006
37010
37012
37014
37018
37019
37020
37021
37022
37023
37025
37026
37027
37028
37030
37031
37033
37034
37035
37036
37037
37038
37039
37040
37041
37045
37046
37047
37048
37049
37050
37052
37053
37054
37055
37056
37059
37060
37062
37065
37066
37067
37069
37070
37071
37072
37074
37075
37077
37078
37079
37080
37081
37084
37085
37086
37087
37088
37089
37091
37092
37093
37094
37095
37097
37098
37099
37102
37103
37104
37105
37106
37107
37108
37109
37110
37112
37113
37114
37115
37116
37117
37120
37121
37122
37124
37125
37126
37127
37128
37129
37130
37132
37133
37136
37138
37140
37142
37143
37146
37147
37148
37149
37150
37151
37152
37154
37155
37157
37159
37161
37163
37164
37165
37166
37167
37168
37170
37173
37174
37177
37179
37180
37184
37185
37188
37193
37194
37197
37198
37200
37201
37202
37204
37208
37210
37212
37213
37215
37217
37218
37219
37220
37221
37223
37224
37225
37226
37227
37228
37229
37230
37231
37233
37234
37235
37236
37237
37238
37239
37240
37241
37243
37245
37247
37248
37250
37251
37252
37253
37254
37255
37257
37260
37261
37262
37263
37264
37267
37268
37270
37271
37272
37274
37275
37276
37277
37278
37279
37280
37281
37283
37284
37286
37287
37289
37290
37292
37293
37294
37296
37298
37300
37301
37302
37303
37304
37305
37306
37307
37309
37310
37311
37312
37313
37315
37316
37317
37319
37321
37325
37326
37327
37328
37329
37330
37332
37333
37336
37337
37338
37339
37340
37341
37342
37347
37348
37350
37351
37352
37353
37354
37355
37356
37357
37358
37359
37360
37361
37362
37363
37366
37367
37368
37369
37370
37371
37373
37374
37375
37377
37378
37379
37382
37383
37384
37385
37387
37388
37389
37391
37393
37395
37396
37397
37398
37400
37402
37404
37405
37407
37409
37410
37411
37412
37413
37414
37415
37416
37418
37419
37420
37421
37423
37424
37425
37426
37427
37428
37429
37431
37432
37434
37436
37437
37440
37442
37444
37446
37447
37449
37450
37451
37452
37453
37455
37456
37458
37460
37461
37462
37465
37466
37469
37471
37472
37474
37475
37477
37478
37479
37480
37481
37483
37484
37485
37486
37487
37488
37490
37494
37495
37497
37499
37500
37501
37503
37505
37506
37507
37509
37510
37511
37512
37513
37514
37515
37518
37520
37521
37522
37523
37524
37525
37526
37527
37528
37529
37530
37531
37532
37533
37534
37537
37538
37539
37540
37541
37542
37544
37545
37547
37550
37551
37553
37555
37556
37557
37558
37559
37560
37561
37562
37563
37564
37565
37566
37567
37568
37569
37570
37572
37573
37574
37576
37578
37580
37583
37584
37585
37587
37588
37592
37593
37595
37596
37598
37599
37600
37601
37602
37604
37605
37606
37608
37609
37611
37612
37614
37615
37616
37617
37618
37619
37620
37623
37626
37628
37629
37631
37632
37633
37635
37638
37639
37640
37643
37644
37645
37646
37647
37648
37649
37650
37651
37652
37653
37654
37655
37656
37657
37659
37660
37661
37663
37664
37665
37666
13:58
37668
37670
37671
37673
37674
37676
37682
37683
37684
37685
37686
37687
37688
37690
37691
37692
37693
37694
37695
37697
37698
37699
37700
37702
37703
37704
37705
37707
37708
37709
37710
37712
37714
37715
37716
37717
37718
37720
37721
37722
37724
37725
37726
37727
37728
37729
37731
37732
37734
37735
37738
37739
37740
37741
37742
37743
37745
37746
37747
37748
37749
37750
37751
37752
37753
37754
37757
37758
37762
37763
37765
37766
37767
37768
37769
37771
37772
37775
37776
37777
37778
37780
37781
37783
37784
37787
37789
37790
37792
37793
37797
37799
37801
37803
37804
37805
37806
37807
37810
37811
37812
37813
37814
37815
37816
37817
37819
37820
37821
37822
37823
37824
37825
37826
37828
37829
37830
37831
37832
37833
37834
37835
37836
37837
37838
37839
37840
37841
37842
37846
37848
37849
37850
37851
37852
37853
37854
37856
37857
37858
37859
37860
37862
37863
37864
37865
37867
37868
37870
37871
37873
37875
37876
37877
37878
37879
37882
37885
37886
37887
37888
37891
37892
37893
37894
37895
37897
37898
37900
37901
37903
37905
37906
37907
37908
37909
37910
37912
37913
37914
37915
37916
37918
37921
37922
37923
37924
37925
37926
37928
37929
37930
37932
37934
37935
37936
13:58
37938
37941
37942
37944
37945
37946
37947
37949
37950
37952
37953
37954
37955
37956
37957
37958
37959
37960
37961
37962
37964
37966
37967
37968
37969
37971
37972
37973
37976
37977
37978
37980
37982
37984
37985
37986
37987
37991
37992
37993
37995
37996
37997
37998
38000
38001
38002
38004
38006
38007
38008
38009
38010
38011
38014
38015
38016
38017
38021
38023
38024
38025
38027
38028
38029
38032
38033
38034
38038
38042
38043
38044
38045
38048
38049
38050
38051
38052
38053
38054
38055
38056
38057
38058
38060
38062
38063
38064
38066
38067
38068
38071
38073
38074
38075
38077
38078
38079
38080
38081
38082
38083
38084
38085
38086
38087
38088
38089
38090
38091
38092
38095
38097
38098
38100
38104
38105
38106
38107
38108
38110
38111
38112
38113
38114
38115
38116
38117
38118
38119
38120
38121
38122
38123
38124
38125
38126
38128
38129
38130
38131
38132
38134
38135
38136
38137
38138
38139
38140
38143
38144
38145
38146
38147
38148
38149
38150
38151
38152
38153
38154
38155
38156
38157
38158
38159
38161
38162
38163
38165
38166
38168
38169
38170
38171
38173
38174
38175
38176
38177
38178
38179
38181
38185
38186
38187
38188
38189
38190
38191
38192
38193
38194
38196
38197
38198
38199
38200
38201
38203
38204
38205
38206
38207
38208
38209
38212
38214
38215
38216
38219
38220
38222
38223
38226
38230
38231
38232
38233
38234
38235
38236
38237
38239
38240
38242
38243
38245
38247
38248
38249
38250
38251
38254
38257
38258
38259
38260
38261
38262
38263
38265
38267
38270
38271
38274
38275
38276
38277
38278
38279
38280
38282
38283
38284
38285
38288
38290
38291
38292
38293
38295
38296
38300
38301
38302
38303
38304
38305
38306
38307
38309
38311
38312
38313
38315
38317
38318
38320
38321
38322
38323
38324
38325
38328
38329
38330
38332
38333
38335
38336
38337
38339
38342
38344
38345
38347
38348
38349
38351
38352
38354
38358
38360
38361
38362
38364
38365
38366
38368
38370
38371
38372
38373
38374
38375
38376
38377
38378
38380
38381
38382
38384
38385
38386
38387
38388
38389
38391
38393
38394
38395
38396
38398
38399
38401
38402
38403
38404
38406
38408
38409
38410
38412
38414
38417
38418
38420
38421
38422
38423
38424
38426
38427
38429
38430
38431
38432
38433
38435
38436
38437
38440
38443
38444
38446
38447
38448
38449
38450
38452
38453
38454
38455
38456
38457
38458
38459
38460
38461
38462
38463
38466
38467
38468
38469
38471
38472
38474
38477
38480
38482
38485
38486
38488
38489
38490
38491
38492
38493
38494
38495
38496
38497
38498
38499
38500
38501
38502
38504
38505
38506
38507
38508
38509
38512
38513
38514
38517
38519
38521
38522
38523
38525
38527
38528
38532
38533
38535
38536
38538
38539
38540
38541
38542
38544
38545
38546
38547
38548
38549
38551
38552
38553
38554
38555
38556
38557
38558
38559
38560
38561
38562
38563
38564
38565
38566
38567
38568
38570
38571
38572
38575
38576
38577
38578
38580
38581
38582
38583
38584
38585
38588
38590
38591
38592
38593
38594
38595
38597
38598
38599
38601
38602
38604
38605
38606
38607
38608
38611
38612
38613
38614
38615
38616
38617
38619
38621
38623
38625
38626
38629
38630
38631
38633
38635
38636
38637
38638
38639
38640
38642
38644
38645
38646
38647
38649
38651
38653
38655
38656
38657
38658
38659
38660
38662
38663
38664
38665
38667
38668
38669
38670
38671
38672
38673
38674
38675
38676
38677
38678
38679
38680
38681
38682
38683
38684
38685
38686
38687
38689
38690
38693
38694
38696
38697
38698
38699
38700
38701
38703
38704
38705
38706
38707
38708
38709
38710
38711
38713
38714
38717
38718
38719
38720
38721
38724
38725
38726
38730
38731
38732
38733
38736
38737
38738
38739
38741
38742
38744
38745
38748
38751
38752
38755
38759
38761
38762
38763
38764
38765
38767
38768
38769
38770
38771
38772
38773
38775
38776
38777
38779
38780
38781
38782
38783
38784
38786
38788
38789
38791
38792
38793
38796
38797
38798
38799
38800
38801
38802
38803
38807
38810
38812
38813
38815
38817
38819
38821
38822
38824
38825
38826
38827
38828
38829
38830
38831
38832
38833
38834
38835
38836
38837
38838
38840
38841
38842
38844
38845
38846
38848
38849
38850
38851
38852
38853
38854
38855
38856
38858
38859
38860
38861
38862
38863
38864
38865
38866
38867
38870
38871
38872
38873
38874
38875
38877
38878
38879
38880
38881
38882
38883
38884
38885
38886
38887
38888
38889
38892
38893
38894
38895
38897
38898
38901
38903
38904
38905
38906
38907
38908
38910
38912
38913
38914
38915
38916
38918
38919
38920
38921
38922
38924
38925
38926
38928
38929
38931
38932
38933
38934
38936
38937
38938
38940
38941
38942
38944
38946
38947
38948
38953
38954
38956
38957
38958
38961
38963
38964
38965
38966
38967
38968
38970
38971
38972
38974
38976
38977
38978
38980
38982
38985
38986
38987
38989
38990
38991
38992
38993
38994
38995
38996
38997
38999
39000
39001
39003
39004
39005
39007
39009
39010
39011
39013
39018
39020
39021
39022
39023
39024
39025
39027
39032
39034
39035
39036
39037
39039
39040
39041
39043
39044
39045
39046
39048
39049
39051
39052
39053
39054
39056
39058
39059
39060
39061
39063
39064
39065
39066
39068
39070
39071
39072
39073
39075
39076
39077
39078
39079
39081
39082
39084
39085
39086
39088
39089
39090
39091
39092
39093
39094
39095
39096
39097
39099
39100
39101
39103
39104
39107
39108
39109
39110
39112
39113
39114
39115
39116
39117
39119
39121
39122
39123
39124
39125
39126
39128
39129
39132
39134
39136
39137
39138
39141
39142
39143
39146
39147
39148
39150
39152
39153
39154
39155
39156
39157
39158
39161
39162
39163
39164
39165
39168
39170
39171
39172
39173
39175
39177
39178
39179
39180
39181
39184
39185
39186
39187
39189
39190
39191
39192
39193
39194
39197
39199
39202
39203
39204
39205
39207
39208
39209
39210
39211
39213
39214
39215
39216
39217
39220
39222
39225
39226
39227
39229
39230
39232
39234
39238
39239
39241
39244
39245
39246
39247
39248
39249
39250
39251
39252
39253
39254
39256
39259
39260
39261
39263
39265
39266
39267
39268
39269
39271
39272
39273
39274
39275
39278
39279
39281
39282
39283
39284
39285
39286
39288
39289
39290
39291
39292
39293
39294
39295
39296
39298
39300
39301
39302
39303
39305
39306
39307
39309
39311
39312
39314
39315
39316
39317
39318
39319
39320
39321
39322
39323
39324
39325
39327
39328
39329
39334
39337
39339
39340
39343
39345
39346
39347
39348
39349
39352
39353
39354
39355
39356
39357
39358
39359
39360
39362
39365
39367
39368
39370
39371
39372
39373
39375
39376
39378
39379
39381
39382
39383
39385
39387
39388
39389
39390
39391
39392
39397
39399
39400
39402
39403
39404
39405
39406
39408
39410
39411
39413
39414
39415
39416
39417
39418
39419
39420
39421
39422
39424
39425
39426
39427
39428
39429
39430
39431
39432
39433
39434
39435
39436
39437
39438
39439
39440
39444
39446
39448
39449
39452
39453
39454
39455
39458
39459
39460
39462
39464
39466
39467
39468
39470
39471
39472
39473
39474
39475
39476
39477
39478
39480
39482
39483
39484
39485
39487
39489
39490
39491
39493
39494
39495
39497
39498
39499
39502
39503
39504
39505
39506
39507
39511
39512
39513
39514
39516
39519
39521
39522
39523
39524
39526
39529
39530
39531
39532
39533
39535
39540
39541
39543
39546
39547
39548
39549
39550
39552
39553
39554
39556
39558
39559
39560
39561
39562
39564
39566
39567
39568
39569
39570
39571
39576
39577
39578
39579
39580
39581
39582
39583
39584
39586
39587
39588
39589
39591
39592
39593
39594
39595
39599
39600
39601
39602
39603
39604
39605
39606
39608
39610
39613
39615
39616
39618
39619
39620
39621
39624
39625
39626
39628
39630
39632
39633
39635
39636
39637
39638
39639
39640
39641
39642
39645
39646
39647
39650
39653
39654
39655
39656
39659
39660
39662
39663
39664
39665
39666
39668
39669
39670
39671
39673
39674
39675
39676
39677
39678
39681
39682
39683
39684
39689
39690
39691
39692
39693
39695
39696
39697
39698
39700
39702
39705
39707
39708
39710
39713
39714
39715
39716
39717
39718
39719
39720
39721
39722
39723
39725
39726
39727
39728
39729
39730
39731
39732
39733
39734
39735
39736
39739
39741
39743
39744
39746
39747
39748
39751
39752
39753
39754
39755
39758
39759
39760
39761
39763
39764
39765
39768
39769
39770
39771
39772
39773
39774
39775
39777
39779
39780
39782
39783
39785
39786
39787
39788
39789
39790
39791
39792
39793
39794
39796
39797
39798
39799
39802
39803
39804
39805
39806
39808
39809
39810
39812
39813
39816
39817
39818
39819
39820
39821
39822
39824
39826
39827
39828
39829
39830
39831
39832
39833
39834
39835
39836
39837
39838
39839
39840
39841
39842
39843
39844
39845
39847
39848
39849
39851
39852
39853
39854
39855
39858
39860
39861
39862
39864
39866
39868
39869
39870
39871
39872
39873
39874
39875
39876
39877
39878
39879
39880
39881
39882
39883
39884
39885
39887
39892
39894
39895
39896
39897
39899
39900
39905
39907
39908
39909
39913
39914
39915
39917
39918
39919
39920
39922
39925
39927
39930
39932
39934
39938
39939
39940
39941
39943
39945
39946
39947
39949
39951
39952
39953
39954
39956
39957
39958
39959
39960
39962
39963
39964
39965
39966
39968
39969
39970
39972
39973
39974
39976
39978
39979
39982
39983
39984
39986
39987
39988
39989
39990
39992
39993
39995
39996
39997
40000
40001
40002
40003
40004
40005
40006
40007
40008
40010
40011
40012
40013
40015
40016
40017
40019
40021
40023
40024
40025
40026
40027
40028
40030
40032
40034
40035
40036
40039
40041
40044
40045
40047
40048
40049
40050
40051
40052
40053
40055
40056
40058
40059
40060
40061
40063
40064
40065
40066
40067
40068
40069
40070
40071
40072
40073
40075
40077
40079
40080
40081
40082
40083
40084
40085
40088
40089
40092
40093
40096
40097
40098
40099
40100
40103
40104
40106
40107
40108
40109
40110
40112
40113
40116
40117
40118
40119
40121
40122
40123
40124
40125
40129
40130
40131
40132
40133
40134
40135
40136
40137
40138
40140
40141
40143
40144
40147
40148
40149
40151
40152
40153
40154
40155
40157
40158
40159
40160
40161
40164
40165
40167
40169
40170
40171
40172
40173
40174
40176
40177
40178
40179
40182
40183
40185
40187
40189
40190
40191
40193
40194
40195
40196
40197
40198
40200
40201
40203
40205
40208
40209
40210
40211
40212
40213
40214
40215
40216
40217
40218
40219
40220
40221
40223
40225
40226
40227
40228
40230
40231
40232
40233
40234
40235
40237
40244
40247
40249
40250
40251
40252
40253
40254
40255
40256
40257
40258
40260
40262
40263
40264
40265
40266
40267
40268
40269
40271
40273
40275
40276
40277
40278
40279
40280
40281
40282
40283
40286
40287
40288
40289
40290
40291
40292
40293
40295
40296
40297
40298
40299
40300
40302
40304
40306
40307
40308
40310
40313
40316
40317
40318
40320
40321
40322
40323
40326
40328
40329
40330
40331
40332
40335
40336
40338
40339
40341
40342
40343
40345
40346
40347
40349
40350
40351
40353
40355
40356
40358
40359
40360
40361
40362
40363
40364
40366
40368
40369
40370
40371
40372
40373
40377
40378
40380
40381
40382
40383
40384
40386
40387
40388
40389
40390
40391
40392
40394
40396
40398
40399
40400
40401
40402
40403
40404
40406
40408
40409
40410
40411
40414
40416
40417
40418
40419
40420
40421
40422
40423
40424
40425
40427
40428
40429
40430
40431
40433
40434
40435
40436
40437
40439
40440
40441
40442
40443
40444
40445
40446
40447
40452
40453
40454
40455
40456
40457
40458
40459
40460
40461
40462
40463
40464
40465
40466
40467
40468
40469
40470
40471
40473
40474
40475
40476
40477
40481
40482
40483
40484
40485
40486
40488
40489
40490
40491
40492
40493
40496
40497
40498
40499
40501
40502
40503
40505
40506
40507
40509
40510
40512
40513
40514
40515
40517
40518
40519
40522
40523
40524
40526
40527
40528
40530
40531
40532
40534
40535
40536
40538
40539
40540
40541
40542
40543
40544
40545
40546
40548
40549
40550
40551
40554
40555
40556
40557
40558
40559
40560
40561
40563
40564
40565
40570
40571
40573
40574
40575
40576
40578
40579
40581
40582
40583
40584
40585
40586
40587
40588
40589
40590
40591
40592
40594
40595
40596
40597
40598
40599
40601
40602
40603
40604
40605
40606
40607
40608
40609
40612
40613
40614
40615
40616
40617
40618
40619
40621
40622
40623
40625
40630
40632
40633
40634
40635
40636
40637
40639
40640
40641
40642
40643
40644
40645
40646
40647
40650
40651
40653
40655
40658
40659
40660
40661
40662
40664
40665
40667
40669
40671
40672
40674
40675
40680
40681
40682
40684
40685
40686
40688
40689
40690
40693
40696
40697
40698
40699
40700
40701
40702
40703
40704
40705
40707
40709
40710
40711
40712
40713
40714
40715
40716
40717
40718
40720
40721
40722
40724
40725
40727
40729
40731
40732
40734
40739
40741
40742
40744
40745
40746
40747
40748
40751
40752
40753
40755
40757
40758
40759
40760
40762
40763
40764
40765
40767
40768
40769
40770
40771
40772
40773
40774
40775
40776
40777
40780
40781
40782
40783
40784
40787
40790
40791
40795
40797
40798
40799
40800
40801
40802
40803
40804
40806
40807
40808
40809
40810
40811
40812
40813
40815
40816
40818
40819
40821
40822
13:59
40824
40827
40828
40829
40830
40831
40832
40834
40836
40837
40838
40839
40840
40841
40842
40843
40844
40845
40848
40849
40850
40852
40853
40855
40856
40857
40858
40859
40860
40861
40862
40863
40867
40869
40870
40871
40872
40873
40875
40876
40877
40879
40880
40881
40882
40883
40886
40887
40888
40890
40891
40892
40893
40895
40896
40897
40899
40900
40902
40904
40905
40906
40907
40908
40909
40910
40911
40912
40917
40918
40919
40920
40921
40922
40924
40925
40926
40929
40930
40931
40932
40933
40934
40935
40936
40938
40942
40944
40946
40947
40948
40949
40950
40951
40952
40953
40954
40955
40957
40961
40962
40963
40964
40965
40966
40968
40969
40970
40971
40972
40973
40974
40975
40977
40978
40980
40981
40982
40983
40984
40985
40986
40988
40989
40990
40991
40992
40993
40995
40998
40999
41001
41003
41004
41005
41006
41009
41010
41011
41012
41013
41014
41015
41016
41017
41019
41020
41021
41022
41024
41025
41026
41027
41028
41030
41032
41033
41034
41036
41037
41038
41040
41041
41042
41043
41046
41047
41048
41049
41050
41051
41053
41055
41056
41057
41058
41060
41063
41066
41070
41072
41074
41075
41076
41077
41078
41080
41081
41082
41087
41088
41089
41090
41092
41093
41094
41095
41097
41098
41099
41100
41101
41102
41103
41104
41105
41106
41107
41109
41110
41112
41113
41115
41116
41118
41119
41121
41122
41123
41124
41126
41127
41128
41129
41132
41133
41134
41135
41136
41137
41138
41139
41140
41141
41142
41143
41144
41146
41147
41149
41150
41153
41154
41156
41157
41158
41159
41160
41163
41164
41167
41168
41170
41171
41175
41177
41181
41182
41184
41185
41186
41187
41188
41189
41190
41191
41193
41194
41195
41197
41198
41201
41202
41203
41204
41205
41206
41207
41208
41209
41210
41211
41212
41214
41215
41217
41219
41220
41221
41222
41223
41224
41225
41227
41229
41230
41231
41232
41233
41234
41235
41236
41237
41238
41239
41240
41243
41244
41246
41248
41251
41252
41253
41254
41255
41256
41258
41259
41260
41261
41264
41265
41266
41267
41268
41269
41270
41271
41272
41273
41274
41277
41278
41279
41281
41283
41285
41286
41287
41288
41289
41292
41297
41300
41303
41304
41306
41310
41312
41313
41314
41316
41317
41319
41320
41321
41322
41324
41326
41327
41328
41329
41331
41333
41334
41336
41339
41340
41342
41343
41344
41347
41349
41350
41351
41352
41353
41354
41355
41356
41357
41358
41360
41361
41362
41364
41365
41366
41368
41369
41370
41374
41375
41376
41377
41378
41379
41382
41383
41386
41387
41388
41389
41390
41394
41396
41398
41401
41402
41403
41404
41406
41407
41408
41409
41413
41414
41415
41416
41417
41418
41419
41420
41422
41424
41426
41427
41428
41430
41432
41434
41435
41436
41437
41438
41439
41440
41442
41444
41445
41446
41447
41448
41449
41450
41451
41452
41453
41454
41457
41458
41459
41460
41461
41464
41465
41466
41467
41468
41469
41471
41472
41473
41474
