"PAXSTAT"	"PAXCAL"	"PAXDAY"	"PAXN"	"PAXHOUR"	"PAXMINUT"	"PAXINTEN"	"PAXSTEP"
1	1	2	1	0	0	0	0
1	1	2	2	0	1	0	0
1	1	2	3	0	2	0	0
1	1	2	4	0	3	0	0
1	1	2	5	0	4	0	0
1	1	2	6	0	5	0	0
1	1	2	7	0	6	0	0
1	1	2	8	0	7	0	0
1	1	2	9	0	8	0	0
1	1	2	10	0	9	0	0
1	1	2	11	0	10	0	0
1	1	2	12	0	11	0	0
1	1	2	13	0	12	0	0
1	1	2	14	0	13	0	0
1	1	2	15	0	14	0	0
1	1	2	16	0	15	0	0
1	1	2	17	0	16	0	0
1	1	2	18	0	17	0	0
1	1	2	19	0	18	0	0
1	1	2	20	0	19	0	0
1	1	2	21	0	20	0	0
1	1	2	22	0	21	0	0
1	1	2	23	0	22	0	0
1	1	2	24	0	23	0	0
1	1	2	25	0	24	0	0
1	1	2	26	0	25	0	0
1	1	2	27	0	26	0	0
1	1	2	28	0	27	0	0
1	1	2	29	0	28	0	0
1	1	2	30	0	29	0	0
1	1	2	31	0	30	0	0
1	1	2	32	0	31	0	0
1	1	2	33	0	32	0	0
1	1	2	34	0	33	0	0
1	1	2	35	0	34	0	0
1	1	2	36	0	35	0	0
1	1	2	37	0	36	0	0
1	1	2	38	0	37	0	0
1	1	2	39	0	38	0	0
1	1	2	40	0	39	0	0
1	1	2	41	0	40	0	0
1	1	2	42	0	41	0	0
1	1	2	43	0	42	0	0
1	1	2	44	0	43	0	0
1	1	2	45	0	44	0	0
1	1	2	46	0	45	0	0
1	1	2	47	0	46	0	0
1	1	2	48	0	47	0	0
1	1	2	49	0	48	0	0
1	1	2	50	0	49	0	0
1	1	2	51	0	50	0	0
1	1	2	52	0	51	0	0
1	1	2	53	0	52	0	0
1	1	2	54	0	53	0	0
1	1	2	55	0	54	0	0
1	1	2	56	0	55	0	0
1	1	2	57	0	56	0	0
1	1	2	58	0	57	0	0
1	1	2	59	0	58	0	0
1	1	2	60	0	59	0	0
1	1	2	61	1	0	0	0
1	1	2	62	1	1	0	0
1	1	2	63	1	2	0	0
1	1	2	64	1	3	0	0
1	1	2	65	1	4	0	0
1	1	2	66	1	5	0	0
1	1	2	67	1	6	0	0
1	1	2	68	1	7	0	0
1	1	2	69	1	8	0	0
1	1	2	70	1	9	0	0
1	1	2	71	1	10	0	0
1	1	2	72	1	11	0	0
1	1	2	73	1	12	0	0
1	1	2	74	1	13	0	0
1	1	2	75	1	14	0	0
1	1	2	76	1	15	0	0
1	1	2	77	1	16	0	0
1	1	2	78	1	17	0	0
1	1	2	79	1	18	0	0
1	1	2	80	1	19	0	0
1	1	2	81	1	20	0	0
1	1	2	82	1	21	0	0
1	1	2	83	1	22	0	0
1	1	2	84	1	23	0	0
1	1	2	85	1	24	0	0
1	1	2	86	1	25	0	0
1	1	2	87	1	26	0	0
1	1	2	88	1	27	0	0
1	1	2	89	1	28	0	0
1	1	2	90	1	29	0	0
1	1	2	91	1	30	0	0
1	1	2	92	1	31	0	0
1	1	2	93	1	32	0	0
1	1	2	94	1	33	0	0
1	1	2	95	1	34	0	0
1	1	2	96	1	35	0	0
1	1	2	97	1	36	0	0
1	1	2	98	1	37	0	0
1	1	2	99	1	38	0	0
1	1	2	100	1	39	0	0
1	1	2	101	1	40	0	0
1	1	2	102	1	41	0	0
1	1	2	103	1	42	0	0
1	1	2	104	1	43	0	0
1	1	2	105	1	44	0	0
1	1	2	106	1	45	0	0
1	1	2	107	1	46	0	0
1	1	2	108	1	47	0	0
1	1	2	109	1	48	0	0
1	1	2	110	1	49	0	0
1	1	2	111	1	50	0	0
1	1	2	112	1	51	0	0
1	1	2	113	1	52	0	0
1	1	2	114	1	53	0	0
1	1	2	115	1	54	0	0
1	1	2	116	1	55	0	0
1	1	2	117	1	56	0	0
1	1	2	118	1	57	0	0
1	1	2	119	1	58	0	0
1	1	2	120	1	59	0	0
1	1	2	121	2	0	0	0
1	1	2	122	2	1	0	0
1	1	2	123	2	2	0	0
1	1	2	124	2	3	0	0
1	1	2	125	2	4	0	0
1	1	2	126	2	5	0	0
1	1	2	127	2	6	0	0
1	1	2	128	2	7	0	0
1	1	2	129	2	8	0	0
1	1	2	130	2	9	0	0
1	1	2	131	2	10	0	0
1	1	2	132	2	11	0	0
1	1	2	133	2	12	0	0
1	1	2	134	2	13	0	0
1	1	2	135	2	14	0	0
1	1	2	136	2	15	0	0
1	1	2	137	2	16	0	0
1	1	2	138	2	17	0	0
1	1	2	139	2	18	0	0
1	1	2	140	2	19	0	0
1	1	2	141	2	20	0	0
1	1	2	142	2	21	0	0
1	1	2	143	2	22	0	0
1	1	2	144	2	23	0	0
1	1	2	145	2	24	0	0
1	1	2	146	2	25	0	0
1	1	2	147	2	26	0	0
1	1	2	148	2	27	0	0
1	1	2	149	2	28	0	0
1	1	2	150	2	29	0	0
1	1	2	151	2	30	0	0
1	1	2	152	2	31	0	0
1	1	2	153	2	32	0	0
1	1	2	154	2	33	0	0
1	1	2	155	2	34	0	0
1	1	2	156	2	35	0	0
1	1	2	157	2	36	0	0
1	1	2	158	2	37	0	0
1	1	2	159	2	38	0	0
1	1	2	160	2	39	0	0
1	1	2	161	2	40	0	0
1	1	2	162	2	41	0	0
1	1	2	163	2	42	0	0
1	1	2	164	2	43	0	0
1	1	2	165	2	44	0	0
1	1	2	166	2	45	0	0
1	1	2	167	2	46	0	0
1	1	2	168	2	47	0	0
1	1	2	169	2	48	0	0
1	1	2	170	2	49	0	0
1	1	2	171	2	50	0	0
1	1	2	172	2	51	0	0
1	1	2	173	2	52	0	0
1	1	2	174	2	53	0	0
1	1	2	175	2	54	0	0
1	1	2	176	2	55	0	0
1	1	2	177	2	56	0	0
1	1	2	178	2	57	0	0
1	1	2	179	2	58	0	0
1	1	2	180	2	59	0	0
1	1	2	181	3	0	0	0
1	1	2	182	3	1	0	0
1	1	2	183	3	2	0	0
1	1	2	184	3	3	0	0
1	1	2	185	3	4	0	0
1	1	2	186	3	5	0	0
1	1	2	187	3	6	0	0
1	1	2	188	3	7	0	0
1	1	2	189	3	8	0	0
1	1	2	190	3	9	0	0
1	1	2	191	3	10	0	0
1	1	2	192	3	11	0	0
1	1	2	193	3	12	0	0
1	1	2	194	3	13	0	0
1	1	2	195	3	14	0	0
1	1	2	196	3	15	0	0
1	1	2	197	3	16	0	0
1	1	2	198	3	17	0	0
1	1	2	199	3	18	0	0
1	1	2	200	3	19	0	0
1	1	2	201	3	20	0	0
1	1	2	202	3	21	0	0
1	1	2	203	3	22	0	0
1	1	2	204	3	23	0	0
1	1	2	205	3	24	0	0
1	1	2	206	3	25	0	0
1	1	2	207	3	26	0	0
1	1	2	208	3	27	0	0
1	1	2	209	3	28	0	0
1	1	2	210	3	29	0	0
1	1	2	211	3	30	0	0
1	1	2	212	3	31	0	0
1	1	2	213	3	32	0	0
1	1	2	214	3	33	0	0
1	1	2	215	3	34	0	0
1	1	2	216	3	35	0	0
1	1	2	217	3	36	0	0
1	1	2	218	3	37	0	0
1	1	2	219	3	38	0	0
1	1	2	220	3	39	0	0
1	1	2	221	3	40	0	0
1	1	2	222	3	41	0	0
1	1	2	223	3	42	0	0
1	1	2	224	3	43	0	0
1	1	2	225	3	44	0	0
1	1	2	226	3	45	0	0
1	1	2	227	3	46	0	0
1	1	2	228	3	47	0	0
1	1	2	229	3	48	0	0
1	1	2	230	3	49	0	0
1	1	2	231	3	50	0	0
1	1	2	232	3	51	0	0
1	1	2	233	3	52	0	0
1	1	2	234	3	53	0	0
1	1	2	235	3	54	0	0
1	1	2	236	3	55	0	0
1	1	2	237	3	56	0	0
1	1	2	238	3	57	0	0
1	1	2	239	3	58	0	0
1	1	2	240	3	59	0	0
1	1	2	241	4	0	0	0
1	1	2	242	4	1	0	0
1	1	2	243	4	2	0	0
1	1	2	244	4	3	0	0
1	1	2	245	4	4	0	0
1	1	2	246	4	5	0	0
1	1	2	247	4	6	0	0
1	1	2	248	4	7	0	0
1	1	2	249	4	8	0	0
1	1	2	250	4	9	0	0
1	1	2	251	4	10	0	0
1	1	2	252	4	11	0	0
1	1	2	253	4	12	0	0
1	1	2	254	4	13	0	0
1	1	2	255	4	14	0	0
1	1	2	256	4	15	0	0
1	1	2	257	4	16	0	0
1	1	2	258	4	17	0	0
1	1	2	259	4	18	0	0
1	1	2	260	4	19	0	0
1	1	2	261	4	20	0	0
1	1	2	262	4	21	0	0
1	1	2	263	4	22	0	0
1	1	2	264	4	23	0	0
1	1	2	265	4	24	0	0
1	1	2	266	4	25	0	0
1	1	2	267	4	26	0	0
1	1	2	268	4	27	0	0
1	1	2	269	4	28	0	0
1	1	2	270	4	29	0	0
1	1	2	271	4	30	0	0
1	1	2	272	4	31	0	0
1	1	2	273	4	32	0	0
1	1	2	274	4	33	0	0
1	1	2	275	4	34	0	0
1	1	2	276	4	35	0	0
1	1	2	277	4	36	0	0
1	1	2	278	4	37	0	0
1	1	2	279	4	38	0	0
1	1	2	280	4	39	0	0
1	1	2	281	4	40	0	0
1	1	2	282	4	41	0	0
1	1	2	283	4	42	0	0
1	1	2	284	4	43	0	0
1	1	2	285	4	44	0	0
1	1	2	286	4	45	0	0
1	1	2	287	4	46	0	0
1	1	2	288	4	47	0	0
1	1	2	289	4	48	0	0
1	1	2	290	4	49	0	0
1	1	2	291	4	50	0	0
1	1	2	292	4	51	0	0
1	1	2	293	4	52	0	0
1	1	2	294	4	53	0	0
1	1	2	295	4	54	0	0
1	1	2	296	4	55	0	0
1	1	2	297	4	56	0	0
1	1	2	298	4	57	0	0
1	1	2	299	4	58	0	0
1	1	2	300	4	59	0	0
1	1	2	301	5	0	0	0
1	1	2	302	5	1	0	0
1	1	2	303	5	2	0	0
1	1	2	304	5	3	0	0
1	1	2	305	5	4	0	0
1	1	2	306	5	5	0	0
1	1	2	307	5	6	0	0
1	1	2	308	5	7	0	0
1	1	2	309	5	8	0	0
1	1	2	310	5	9	0	0
1	1	2	311	5	10	0	0
1	1	2	312	5	11	0	0
1	1	2	313	5	12	0	0
1	1	2	314	5	13	0	0
1	1	2	315	5	14	0	0
1	1	2	316	5	15	0	0
1	1	2	317	5	16	0	0
1	1	2	318	5	17	0	0
1	1	2	319	5	18	0	0
1	1	2	320	5	19	0	0
1	1	2	321	5	20	0	0
1	1	2	322	5	21	0	0
1	1	2	323	5	22	0	0
1	1	2	324	5	23	0	0
1	1	2	325	5	24	0	0
1	1	2	326	5	25	0	0
1	1	2	327	5	26	0	0
1	1	2	328	5	27	0	0
1	1	2	329	5	28	0	0
1	1	2	330	5	29	0	0
1	1	2	331	5	30	0	0
1	1	2	332	5	31	0	0
1	1	2	333	5	32	0	0
1	1	2	334	5	33	0	0
1	1	2	335	5	34	0	0
1	1	2	336	5	35	0	0
1	1	2	337	5	36	0	0
1	1	2	338	5	37	0	0
1	1	2	339	5	38	0	0
1	1	2	340	5	39	0	0
1	1	2	341	5	40	0	0
1	1	2	342	5	41	0	0
1	1	2	343	5	42	0	0
1	1	2	344	5	43	0	0
1	1	2	345	5	44	0	0
1	1	2	346	5	45	0	0
1	1	2	347	5	46	0	0
1	1	2	348	5	47	0	0
1	1	2	349	5	48	0	0
1	1	2	350	5	49	0	0
1	1	2	351	5	50	0	0
1	1	2	352	5	51	0	0
1	1	2	353	5	52	0	0
1	1	2	354	5	53	0	0
1	1	2	355	5	54	0	0
1	1	2	356	5	55	0	0
1	1	2	357	5	56	0	0
1	1	2	358	5	57	0	0
1	1	2	359	5	58	0	0
1	1	2	360	5	59	0	0
1	1	2	361	6	0	0	0
1	1	2	362	6	1	0	0
1	1	2	363	6	2	0	0
1	1	2	364	6	3	0	0
1	1	2	365	6	4	0	0
1	1	2	366	6	5	0	0
1	1	2	367	6	6	0	0
1	1	2	368	6	7	0	0
1	1	2	369	6	8	0	0
1	1	2	370	6	9	0	0
1	1	2	371	6	10	0	0
1	1	2	372	6	11	0	0
1	1	2	373	6	12	0	0
1	1	2	374	6	13	0	0
1	1	2	375	6	14	0	0
1	1	2	376	6	15	0	0
1	1	2	377	6	16	0	0
1	1	2	378	6	17	0	0
1	1	2	379	6	18	0	0
1	1	2	380	6	19	0	0
1	1	2	381	6	20	0	0
1	1	2	382	6	21	0	0
1	1	2	383	6	22	0	0
1	1	2	384	6	23	0	0
1	1	2	385	6	24	0	0
1	1	2	386	6	25	0	0
1	1	2	387	6	26	0	0
1	1	2	388	6	27	0	0
1	1	2	389	6	28	0	0
1	1	2	390	6	29	0	0
1	1	2	391	6	30	0	0
1	1	2	392	6	31	0	0
1	1	2	393	6	32	0	0
1	1	2	394	6	33	0	0
1	1	2	395	6	34	0	0
1	1	2	396	6	35	0	0
1	1	2	397	6	36	0	0
1	1	2	398	6	37	0	0
1	1	2	399	6	38	0	0
1	1	2	400	6	39	0	0
1	1	2	401	6	40	0	0
1	1	2	402	6	41	0	0
1	1	2	403	6	42	0	0
1	1	2	404	6	43	0	0
1	1	2	405	6	44	0	0
1	1	2	406	6	45	0	0
1	1	2	407	6	46	0	0
1	1	2	408	6	47	0	0
1	1	2	409	6	48	0	0
1	1	2	410	6	49	0	0
1	1	2	411	6	50	0	0
1	1	2	412	6	51	0	0
1	1	2	413	6	52	0	0
1	1	2	414	6	53	0	0
1	1	2	415	6	54	0	0
1	1	2	416	6	55	0	0
1	1	2	417	6	56	0	0
1	1	2	418	6	57	0	0
1	1	2	419	6	58	0	0
1	1	2	420	6	59	0	0
1	1	2	421	7	0	0	0
1	1	2	422	7	1	0	0
1	1	2	423	7	2	0	0
1	1	2	424	7	3	0	0
1	1	2	425	7	4	0	0
1	1	2	426	7	5	0	0
1	1	2	427	7	6	0	0
1	1	2	428	7	7	0	0
1	1	2	429	7	8	0	0
1	1	2	430	7	9	0	0
1	1	2	431	7	10	0	0
1	1	2	432	7	11	0	0
1	1	2	433	7	12	0	0
1	1	2	434	7	13	423	5
1	1	2	435	7	14	32	0
1	1	2	436	7	15	0	0
1	1	2	437	7	16	0	0
1	1	2	438	7	17	0	0
1	1	2	439	7	18	0	0
1	1	2	440	7	19	0	0
1	1	2	441	7	20	0	0
1	1	2	442	7	21	0	0
1	1	2	443	7	22	0	0
1	1	2	444	7	23	0	0
1	1	2	445	7	24	0	0
1	1	2	446	7	25	0	0
1	1	2	447	7	26	0	0
1	1	2	448	7	27	0	0
1	1	2	449	7	28	0	0
1	1	2	450	7	29	0	0
1	1	2	451	7	30	0	0
1	1	2	452	7	31	0	0
1	1	2	453	7	32	0	0
1	1	2	454	7	33	0	0
1	1	2	455	7	34	0	0
1	1	2	456	7	35	0	0
1	1	2	457	7	36	0	0
1	1	2	458	7	37	0	0
1	1	2	459	7	38	0	0
1	1	2	460	7	39	0	0
1	1	2	461	7	40	0	0
1	1	2	462	7	41	0	0
1	1	2	463	7	42	0	0
1	1	2	464	7	43	0	0
1	1	2	465	7	44	0	0
1	1	2	466	7	45	0	0
1	1	2	467	7	46	2003	17
1	1	2	468	7	47	0	0
1	1	2	469	7	48	0	0
1	1	2	470	7	49	44	1
1	1	2	471	7	50	0	0
1	1	2	472	7	51	0	0
1	1	2	473	7	52	0	0
1	1	2	474	7	53	0	0
1	1	2	475	7	54	0	0
1	1	2	476	7	55	0	0
1	1	2	477	7	56	0	0
1	1	2	478	7	57	0	0
1	1	2	479	7	58	0	0
1	1	2	480	7	59	0	0
1	1	2	481	8	0	0	0
1	1	2	482	8	1	15	1
1	1	2	483	8	2	0	0
1	1	2	484	8	3	0	0
1	1	2	485	8	4	0	0
1	1	2	486	8	5	0	0
1	1	2	487	8	6	0	0
1	1	2	488	8	7	0	0
1	1	2	489	8	8	0	0
1	1	2	490	8	9	0	0
1	1	2	491	8	10	0	0
1	1	2	492	8	11	0	0
1	1	2	493	8	12	0	0
1	1	2	494	8	13	0	0
1	1	2	495	8	14	0	0
1	1	2	496	8	15	0	0
1	1	2	497	8	16	0	0
1	1	2	498	8	17	0	0
1	1	2	499	8	18	0	0
1	1	2	500	8	19	0	0
1	1	2	501	8	20	0	0
1	1	2	502	8	21	0	0
1	1	2	503	8	22	0	0
1	1	2	504	8	23	0	0
1	1	2	505	8	24	0	0
1	1	2	506	8	25	0	0
1	1	2	507	8	26	0	0
1	1	2	508	8	27	0	0
1	1	2	509	8	28	0	0
1	1	2	510	8	29	0	0
1	1	2	511	8	30	0	0
1	1	2	512	8	31	0	0
1	1	2	513	8	32	0	0
1	1	2	514	8	33	0	0
1	1	2	515	8	34	0	0
1	1	2	516	8	35	0	0
1	1	2	517	8	36	0	0
1	1	2	518	8	37	0	0
1	1	2	519	8	38	0	0
1	1	2	520	8	39	0	0
1	1	2	521	8	40	0	0
1	1	2	522	8	41	0	0
1	1	2	523	8	42	7	1
1	1	2	524	8	43	0	0
1	1	2	525	8	44	0	0
1	1	2	526	8	45	0	0
1	1	2	527	8	46	0	0
1	1	2	528	8	47	0	0
1	1	2	529	8	48	0	0
1	1	2	530	8	49	347	3
1	1	2	531	8	50	0	0
1	1	2	532	8	51	0	0
1	1	2	533	8	52	0	0
1	1	2	534	8	53	0	0
1	1	2	535	8	54	0	0
1	1	2	536	8	55	0	0
1	1	2	537	8	56	0	0
1	1	2	538	8	57	0	0
1	1	2	539	8	58	0	0
1	1	2	540	8	59	0	0
1	1	2	541	9	0	0	0
1	1	2	542	9	1	0	0
1	1	2	543	9	2	0	0
1	1	2	544	9	3	0	0
1	1	2	545	9	4	0	0
1	1	2	546	9	5	0	0
1	1	2	547	9	6	0	0
1	1	2	548	9	7	0	0
1	1	2	549	9	8	0	0
1	1	2	550	9	9	0	0
1	1	2	551	9	10	0	0
1	1	2	552	9	11	0	0
1	1	2	553	9	12	0	0
1	1	2	554	9	13	0	0
1	1	2	555	9	14	0	0
1	1	2	556	9	15	0	0
1	1	2	557	9	16	0	0
1	1	2	558	9	17	0	0
1	1	2	559	9	18	0	0
1	1	2	560	9	19	0	0
1	1	2	561	9	20	0	0
1	1	2	562	9	21	0	0
1	1	2	563	9	22	0	0
1	1	2	564	9	23	0	0
1	1	2	565	9	24	0	0
1	1	2	566	9	25	0	0
1	1	2	567	9	26	0	0
1	1	2	568	9	27	0	0
1	1	2	569	9	28	0	0
1	1	2	570	9	29	0	0
1	1	2	571	9	30	0	0
1	1	2	572	9	31	0	0
1	1	2	573	9	32	0	0
1	1	2	574	9	33	0	0
1	1	2	575	9	34	0	0
1	1	2	576	9	35	0	0
1	1	2	577	9	36	0	0
1	1	2	578	9	37	0	0
1	1	2	579	9	38	0	0
1	1	2	580	9	39	0	0
1	1	2	581	9	40	0	0
1	1	2	582	9	41	0	0
1	1	2	583	9	42	0	0
1	1	2	584	9	43	0	0
1	1	2	585	9	44	0	0
1	1	2	586	9	45	0	0
1	1	2	587	9	46	0	0
1	1	2	588	9	47	0	0
1	1	2	589	9	48	0	0
1	1	2	590	9	49	0	0
1	1	2	591	9	50	0	0
1	1	2	592	9	51	0	0
1	1	2	593	9	52	0	0
1	1	2	594	9	53	0	0
1	1	2	595	9	54	0	0
1	1	2	596	9	55	0	0
1	1	2	597	9	56	0	0
1	1	2	598	9	57	0	0
1	1	2	599	9	58	0	0
1	1	2	600	9	59	0	0
1	1	2	601	10	0	0	0
1	1	2	602	10	1	0	0
1	1	2	603	10	2	0	0
1	1	2	604	10	3	0	0
1	1	2	605	10	4	0	0
1	1	2	606	10	5	0	0
1	1	2	607	10	6	0	0
1	1	2	608	10	7	0	0
1	1	2	609	10	8	0	0
1	1	2	610	10	9	0	0
1	1	2	611	10	10	0	0
1	1	2	612	10	11	0	0
1	1	2	613	10	12	0	0
1	1	2	614	10	13	0	0
1	1	2	615	10	14	0	0
1	1	2	616	10	15	0	0
1	1	2	617	10	16	0	0
1	1	2	618	10	17	0	0
1	1	2	619	10	18	0	0
1	1	2	620	10	19	0	0
1	1	2	621	10	20	0	0
1	1	2	622	10	21	0	0
1	1	2	623	10	22	0	0
1	1	2	624	10	23	0	0
1	1	2	625	10	24	0	0
1	1	2	626	10	25	0	0
1	1	2	627	10	26	0	0
1	1	2	628	10	27	0	0
1	1	2	629	10	28	0	0
1	1	2	630	10	29	0	0
1	1	2	631	10	30	0	0
1	1	2	632	10	31	0	0
1	1	2	633	10	32	0	0
1	1	2	634	10	33	0	0
1	1	2	635	10	34	0	0
1	1	2	636	10	35	0	0
1	1	2	637	10	36	0	0
1	1	2	638	10	37	0	0
1	1	2	639	10	38	0	0
1	1	2	640	10	39	0	0
1	1	2	641	10	40	0	0
1	1	2	642	10	41	0	0
1	1	2	643	10	42	0	0
1	1	2	644	10	43	0	0
1	1	2	645	10	44	0	0
1	1	2	646	10	45	0	0
1	1	2	647	10	46	0	0
1	1	2	648	10	47	0	0
1	1	2	649	10	48	0	0
1	1	2	650	10	49	0	0
1	1	2	651	10	50	0	0
1	1	2	652	10	51	0	0
1	1	2	653	10	52	0	0
1	1	2	654	10	53	0	0
1	1	2	655	10	54	0	0
1	1	2	656	10	55	0	0
1	1	2	657	10	56	0	0
1	1	2	658	10	57	0	0
1	1	2	659	10	58	0	0
1	1	2	660	10	59	0	0
1	1	2	661	11	0	0	0
1	1	2	662	11	1	0	0
1	1	2	663	11	2	0	0
1	1	2	664	11	3	0	0
1	1	2	665	11	4	0	0
1	1	2	666	11	5	0	0
1	1	2	667	11	6	0	0
1	1	2	668	11	7	0	0
1	1	2	669	11	8	0	0
1	1	2	670	11	9	0	0
1	1	2	671	11	10	0	0
1	1	2	672	11	11	0	0
1	1	2	673	11	12	0	0
1	1	2	674	11	13	0	0
1	1	2	675	11	14	0	0
1	1	2	676	11	15	0	0
1	1	2	677	11	16	0	0
1	1	2	678	11	17	0	0
1	1	2	679	11	18	0	0
1	1	2	680	11	19	0	0
1	1	2	681	11	20	0	0
1	1	2	682	11	21	0	0
1	1	2	683	11	22	0	0
1	1	2	684	11	23	0	0
1	1	2	685	11	24	0	0
1	1	2	686	11	25	0	0
1	1	2	687	11	26	0	0
1	1	2	688	11	27	0	0
1	1	2	689	11	28	0	0
1	1	2	690	11	29	0	0
1	1	2	691	11	30	0	0
1	1	2	692	11	31	0	0
1	1	2	693	11	32	0	0
1	1	2	694	11	33	0	0
1	1	2	695	11	34	0	0
1	1	2	696	11	35	0	0
1	1	2	697	11	36	0	0
1	1	2	698	11	37	0	0
1	1	2	699	11	38	0	0
1	1	2	700	11	39	0	0
1	1	2	701	11	40	0	0
1	1	2	702	11	41	0	0
1	1	2	703	11	42	0	0
1	1	2	704	11	43	0	0
1	1	2	705	11	44	0	0
1	1	2	706	11	45	0	0
1	1	2	707	11	46	0	0
1	1	2	708	11	47	0	0
1	1	2	709	11	48	0	0
1	1	2	710	11	49	0	0
1	1	2	711	11	50	0	0
1	1	2	712	11	51	0	0
1	1	2	713	11	52	0	0
1	1	2	714	11	53	0	0
1	1	2	715	11	54	0	0
1	1	2	716	11	55	0	0
1	1	2	717	11	56	0	0
1	1	2	718	11	57	0	0
1	1	2	719	11	58	0	0
1	1	2	720	11	59	0	0
1	1	2	721	12	0	0	0
1	1	2	722	12	1	0	0
1	1	2	723	12	2	0	0
1	1	2	724	12	3	0	0
1	1	2	725	12	4	0	0
1	1	2	726	12	5	0	0
1	1	2	727	12	6	0	0
1	1	2	728	12	7	0	0
1	1	2	729	12	8	0	0
1	1	2	730	12	9	0	0
1	1	2	731	12	10	0	0
1	1	2	732	12	11	0	0
1	1	2	733	12	12	0	0
1	1	2	734	12	13	0	0
1	1	2	735	12	14	0	0
1	1	2	736	12	15	0	0
1	1	2	737	12	16	0	0
1	1	2	738	12	17	0	0
1	1	2	739	12	18	0	0
1	1	2	740	12	19	0	0
1	1	2	741	12	20	0	0
1	1	2	742	12	21	0	0
1	1	2	743	12	22	0	0
1	1	2	744	12	23	0	0
1	1	2	745	12	24	0	0
1	1	2	746	12	25	0	0
1	1	2	747	12	26	0	0
1	1	2	748	12	27	0	0
1	1	2	749	12	28	0	0
1	1	2	750	12	29	0	0
1	1	2	751	12	30	0	0
1	1	2	752	12	31	0	0
1	1	2	753	12	32	0	0
1	1	2	754	12	33	0	0
1	1	2	755	12	34	0	0
1	1	2	756	12	35	0	0
1	1	2	757	12	36	0	0
1	1	2	758	12	37	0	0
1	1	2	759	12	38	0	0
1	1	2	760	12	39	0	0
1	1	2	761	12	40	0	0
1	1	2	762	12	41	0	0
1	1	2	763	12	42	0	0
1	1	2	764	12	43	0	0
1	1	2	765	12	44	0	0
1	1	2	766	12	45	0	0
1	1	2	767	12	46	0	0
1	1	2	768	12	47	0	0
1	1	2	769	12	48	0	0
1	1	2	770	12	49	0	0
1	1	2	771	12	50	31	1
1	1	2	772	12	51	0	0
1	1	2	773	12	52	0	0
1	1	2	774	12	53	0	0
1	1	2	775	12	54	0	0
1	1	2	776	12	55	0	0
1	1	2	777	12	56	0	0
1	1	2	778	12	57	0	0
1	1	2	779	12	58	0	0
1	1	2	780	12	59	0	0
1	1	2	781	13	0	0	0
1	1	2	782	13	1	0	0
1	1	2	783	13	2	0	0
1	1	2	784	13	3	0	0
1	1	2	785	13	4	0	0
1	1	2	786	13	5	0	0
1	1	2	787	13	6	0	0
1	1	2	788	13	7	0	0
1	1	2	789	13	8	0	0
1	1	2	790	13	9	0	0
1	1	2	791	13	10	0	0
1	1	2	792	13	11	0	0
1	1	2	793	13	12	0	0
1	1	2	794	13	13	0	0
1	1	2	795	13	14	0	0
1	1	2	796	13	15	0	0
1	1	2	797	13	16	0	0
1	1	2	798	13	17	0	0
1	1	2	799	13	18	0	0
1	1	2	800	13	19	0	0
1	1	2	801	13	20	0	0
1	1	2	802	13	21	0	0
1	1	2	803	13	22	0	0
1	1	2	804	13	23	0	0
1	1	2	805	13	24	0	0
1	1	2	806	13	25	0	0
1	1	2	807	13	26	0	0
1	1	2	808	13	27	0	0
1	1	2	809	13	28	0	0
1	1	2	810	13	29	0	0
1	1	2	811	13	30	0	0
1	1	2	812	13	31	0	0
1	1	2	813	13	32	0	0
1	1	2	814	13	33	0	0
1	1	2	815	13	34	0	0
1	1	2	816	13	35	0	0
1	1	2	817	13	36	0	0
1	1	2	818	13	37	0	0
1	1	2	819	13	38	0	0
1	1	2	820	13	39	0	0
1	1	2	821	13	40	0	0
1	1	2	822	13	41	0	0
1	1	2	823	13	42	0	0
1	1	2	824	13	43	0	0
1	1	2	825	13	44	0	0
1	1	2	826	13	45	0	0
1	1	2	827	13	46	0	0
1	1	2	828	13	47	0	0
1	1	2	829	13	48	0	0
1	1	2	830	13	49	0	0
1	1	2	831	13	50	0	0
1	1	2	832	13	51	0	0
1	1	2	833	13	52	0	0
1	1	2	834	13	53	0	0
1	1	2	835	13	54	0	0
1	1	2	836	13	55	0	0
1	1	2	837	13	56	0	0
1	1	2	838	13	57	0	0
1	1	2	839	13	58	0	0
1	1	2	840	13	59	0	0
1	1	2	841	14	0	0	0
1	1	2	842	14	1	0	0
1	1	2	843	14	2	0	0
1	1	2	844	14	3	0	0
1	1	2	845	14	4	0	0
1	1	2	846	14	5	0	0
1	1	2	847	14	6	0	0
1	1	2	848	14	7	0	0
1	1	2	849	14	8	0	0
1	1	2	850	14	9	0	0
1	1	2	851	14	10	0	0
1	1	2	852	14	11	0	0
1	1	2	853	14	12	0	0
1	1	2	854	14	13	0	0
1	1	2	855	14	14	0	0
1	1	2	856	14	15	0	0
1	1	2	857	14	16	0	0
1	1	2	858	14	17	0	0
1	1	2	859	14	18	0	0
1	1	2	860	14	19	0	0
1	1	2	861	14	20	0	0
1	1	2	862	14	21	0	0
1	1	2	863	14	22	0	0
1	1	2	864	14	23	0	0
1	1	2	865	14	24	0	0
1	1	2	866	14	25	0	0
1	1	2	867	14	26	0	0
1	1	2	868	14	27	0	0
1	1	2	869	14	28	0	0
1	1	2	870	14	29	0	0
1	1	2	871	14	30	0	0
1	1	2	872	14	31	0	0
1	1	2	873	14	32	0	0
1	1	2	874	14	33	0	0
1	1	2	875	14	34	0	0
1	1	2	876	14	35	0	0
1	1	2	877	14	36	0	0
1	1	2	878	14	37	0	0
1	1	2	879	14	38	0	0
1	1	2	880	14	39	0	0
1	1	2	881	14	40	0	0
1	1	2	882	14	41	0	0
1	1	2	883	14	42	0	0
1	1	2	884	14	43	0	0
1	1	2	885	14	44	0	0
1	1	2	886	14	45	0	0
1	1	2	887	14	46	0	0
1	1	2	888	14	47	0	0
1	1	2	889	14	48	0	0
1	1	2	890	14	49	0	0
1	1	2	891	14	50	0	0
1	1	2	892	14	51	0	0
1	1	2	893	14	52	0	0
1	1	2	894	14	53	0	0
1	1	2	895	14	54	0	0
1	1	2	896	14	55	0	0
1	1	2	897	14	56	0	0
1	1	2	898	14	57	0	0
1	1	2	899	14	58	0	0
1	1	2	900	14	59	0	0
1	1	2	901	15	0	0	0
1	1	2	902	15	1	0	0
1	1	2	903	15	2	0	0
1	1	2	904	15	3	0	0
1	1	2	905	15	4	0	0
1	1	2	906	15	5	0	0
1	1	2	907	15	6	0	0
1	1	2	908	15	7	0	0
1	1	2	909	15	8	0	0
1	1	2	910	15	9	0	0
1	1	2	911	15	10	0	0
1	1	2	912	15	11	0	0
1	1	2	913	15	12	0	0
1	1	2	914	15	13	0	0
1	1	2	915	15	14	0	0
1	1	2	916	15	15	0	0
1	1	2	917	15	16	0	0
1	1	2	918	15	17	0	0
1	1	2	919	15	18	942	15
1	1	2	920	15	19	393	7
1	1	2	921	15	20	779	11
1	1	2	922	15	21	5621	50
1	1	2	923	15	22	5320	30
1	1	2	924	15	23	0	0
1	1	2	925	15	24	1277	13
1	1	2	926	15	25	36	3
1	1	2	927	15	26	449	17
1	1	2	928	15	27	403	13
1	1	2	929	15	28	297	10
1	1	2	930	15	29	845	18
1	1	2	931	15	30	1003	19
1	1	2	932	15	31	0	0
1	1	2	933	15	32	0	0
1	1	2	934	15	33	0	0
1	1	2	935	15	34	0	0
1	1	2	936	15	35	0	0
1	1	2	937	15	36	0	0
1	1	2	938	15	37	0	0
1	1	2	939	15	38	0	0
1	1	2	940	15	39	0	0
1	1	2	941	15	40	0	0
1	1	2	942	15	41	0	0
1	1	2	943	15	42	0	0
1	1	2	944	15	43	0	0
1	1	2	945	15	44	0	0
1	1	2	946	15	45	0	0
1	1	2	947	15	46	0	0
1	1	2	948	15	47	0	0
1	1	2	949	15	48	0	0
1	1	2	950	15	49	0	0
1	1	2	951	15	50	0	0
1	1	2	952	15	51	0	0
1	1	2	953	15	52	0	0
1	1	2	954	15	53	0	0
1	1	2	955	15	54	0	1
1	1	2	956	15	55	200	7
1	1	2	957	15	56	279	6
1	1	2	958	15	57	2666	27
1	1	2	959	15	58	578	8
1	1	2	960	15	59	626	5
1	1	2	961	16	0	2742	48
1	1	2	962	16	1	0	0
1	1	2	963	16	2	0	0
1	1	2	964	16	3	0	0
1	1	2	965	16	4	0	0
1	1	2	966	16	5	0	0
1	1	2	967	16	6	0	0
1	1	2	968	16	7	0	0
1	1	2	969	16	8	0	0
1	1	2	970	16	9	0	0
1	1	2	971	16	10	0	0
1	1	2	972	16	11	0	0
1	1	2	973	16	12	0	0
1	1	2	974	16	13	0	0
1	1	2	975	16	14	0	0
1	1	2	976	16	15	0	0
1	1	2	977	16	16	0	0
1	1	2	978	16	17	1	0
1	1	2	979	16	18	0	0
1	1	2	980	16	19	0	0
1	1	2	981	16	20	0	0
1	1	2	982	16	21	0	0
1	1	2	983	16	22	0	0
1	1	2	984	16	23	0	0
1	1	2	985	16	24	0	0
1	1	2	986	16	25	0	0
1	1	2	987	16	26	0	0
1	1	2	988	16	27	0	0
1	1	2	989	16	28	0	0
1	1	2	990	16	29	0	0
1	1	2	991	16	30	410	8
1	1	2	992	16	31	1348	2
1	1	2	993	16	32	0	0
1	1	2	994	16	33	0	0
1	1	2	995	16	34	0	0
1	1	2	996	16	35	0	0
1	1	2	997	16	36	0	0
1	1	2	998	16	37	0	0
1	1	2	999	16	38	0	0
1	1	2	1000	16	39	0	0
1	1	2	1001	16	40	0	0
1	1	2	1002	16	41	0	0
1	1	2	1003	16	42	0	0
1	1	2	1004	16	43	0	0
1	1	2	1005	16	44	0	0
1	1	2	1006	16	45	0	0
1	1	2	1007	16	46	0	0
1	1	2	1008	16	47	0	0
1	1	2	1009	16	48	0	0
1	1	2	1010	16	49	0	0
1	1	2	1011	16	50	0	0
1	1	2	1012	16	51	0	0
1	1	2	1013	16	52	0	0
1	1	2	1014	16	53	0	0
1	1	2	1015	16	54	0	0
1	1	2	1016	16	55	0	0
1	1	2	1017	16	56	0	0
1	1	2	1018	16	57	0	0
1	1	2	1019	16	58	0	0
1	1	2	1020	16	59	0	0
1	1	2	1021	17	0	0	0
1	1	2	1022	17	1	0	0
1	1	2	1023	17	2	0	0
1	1	2	1024	17	3	0	0
1	1	2	1025	17	4	0	0
1	1	2	1026	17	5	0	0
1	1	2	1027	17	6	4	0
1	1	2	1028	17	7	6	1
1	1	2	1029	17	8	10	1
1	1	2	1030	17	9	53	0
1	1	2	1031	17	10	0	0
1	1	2	1032	17	11	0	0
1	1	2	1033	17	12	63	5
1	1	2	1034	17	13	45	2
1	1	2	1035	17	14	28	0
1	1	2	1036	17	15	3	1
1	1	2	1037	17	16	11	1
1	1	2	1038	17	17	32	2
1	1	2	1039	17	18	22	1
1	1	2	1040	17	19	0	0
1	1	2	1041	17	20	163	8
1	1	2	1042	17	21	7	1
1	1	2	1043	17	22	10	0
1	1	2	1044	17	23	11	0
1	1	2	1045	17	24	1	0
1	1	2	1046	17	25	0	0
1	1	2	1047	17	26	0	0
1	1	2	1048	17	27	1	0
1	1	2	1049	17	28	10	0
1	1	2	1050	17	29	4	0
1	1	2	1051	17	30	12	2
1	1	2	1052	17	31	57	2
1	1	2	1053	17	32	29	2
1	1	2	1054	17	33	50	4
1	1	2	1055	17	34	41	3
1	1	2	1056	17	35	127	8
1	1	2	1057	17	36	11	0
1	1	2	1058	17	37	19	1
1	1	2	1059	17	38	64	3
1	1	2	1060	17	39	3	0
1	1	2	1061	17	40	10	0
1	1	2	1062	17	41	0	0
1	1	2	1063	17	42	1989	5
1	1	2	1064	17	43	50	4
1	1	2	1065	17	44	10	0
1	1	2	1066	17	45	0	0
1	1	2	1067	17	46	0	0
1	1	2	1068	17	47	0	0
1	1	2	1069	17	48	0	0
1	1	2	1070	17	49	0	0
1	1	2	1071	17	50	28	4
1	1	2	1072	17	51	8	1
1	1	2	1073	17	52	14	1
1	1	2	1074	17	53	1	0
1	1	2	1075	17	54	0	0
1	1	2	1076	17	55	0	0
1	1	2	1077	17	56	0	0
1	1	2	1078	17	57	0	0
1	1	2	1079	17	58	0	0
1	1	2	1080	17	59	0	0
1	1	2	1081	18	0	0	0
1	1	2	1082	18	1	0	0
1	1	2	1083	18	2	0	0
1	1	2	1084	18	3	61	2
1	1	2	1085	18	4	230	7
1	1	2	1086	18	5	31	1
1	1	2	1087	18	6	0	0
1	1	2	1088	18	7	0	0
1	1	2	1089	18	8	0	0
1	1	2	1090	18	9	0	0
1	1	2	1091	18	10	0	0
1	1	2	1092	18	11	0	0
1	1	2	1093	18	12	0	0
1	1	2	1094	18	13	0	0
1	1	2	1095	18	14	0	0
1	1	2	1096	18	15	0	0
1	1	2	1097	18	16	0	0
1	1	2	1098	18	17	30	2
1	1	2	1099	18	18	2	1
1	1	2	1100	18	19	221	25
1	1	2	1101	18	20	7	1
1	1	2	1102	18	21	107	8
1	1	2	1103	18	22	59	6
1	1	2	1104	18	23	54	4
1	1	2	1105	18	24	27	2
1	1	2	1106	18	25	132	13
1	1	2	1107	18	26	35	4
1	1	2	1108	18	27	1	0
1	1	2	1109	18	28	63	3
1	1	2	1110	18	29	44	3
1	1	2	1111	18	30	28	2
1	1	2	1112	18	31	55	3
1	1	2	1113	18	32	182	9
1	1	2	1114	18	33	67	5
1	1	2	1115	18	34	31	1
1	1	2	1116	18	35	96	6
1	1	2	1117	18	36	82	4
1	1	2	1118	18	37	44	2
1	1	2	1119	18	38	57	9
1	1	2	1120	18	39	58	4
1	1	2	1121	18	40	8	0
1	1	2	1122	18	41	9	1
1	1	2	1123	18	42	37	5
1	1	2	1124	18	43	33	5
1	1	2	1125	18	44	31	4
1	1	2	1126	18	45	34	4
1	1	2	1127	18	46	62	7
1	1	2	1128	18	47	58	6
1	1	2	1129	18	48	52	7
1	1	2	1130	18	49	8	1
1	1	2	1131	18	50	19	0
1	1	2	1132	18	51	73	9
1	1	2	1133	18	52	14	2
1	1	2	1134	18	53	4	0
1	1	2	1135	18	54	49	6
1	1	2	1136	18	55	45	6
1	1	2	1137	18	56	156	16
1	1	2	1138	18	57	19	2
1	1	2	1139	18	58	80	9
1	1	2	1140	18	59	177	25
1	1	2	1141	19	0	132	14
1	1	2	1142	19	1	29	1
1	1	2	1143	19	2	55	4
1	1	2	1144	19	3	98	6
1	1	2	1145	19	4	42	2
1	1	2	1146	19	5	0	0
1	1	2	1147	19	6	0	0
1	1	2	1148	19	7	0	0
1	1	2	1149	19	8	0	0
1	1	2	1150	19	9	0	0
1	1	2	1151	19	10	0	0
1	1	2	1152	19	11	114	4
1	1	2	1153	19	12	234	4
1	1	2	1154	19	13	0	0
1	1	2	1155	19	14	30	3
1	1	2	1156	19	15	0	0
1	1	2	1157	19	16	14	2
1	1	2	1158	19	17	3594	12
1	1	2	1159	19	18	175	11
1	1	2	1160	19	19	175	13
1	1	2	1161	19	20	395	14
1	1	2	1162	19	21	4136	29
1	1	2	1163	19	22	999	18
1	1	2	1164	19	23	1090	14
1	1	2	1165	19	24	882	6
1	1	2	1166	19	25	0	0
1	1	2	1167	19	26	0	0
1	1	2	1168	19	27	0	0
1	1	2	1169	19	28	0	0
1	1	2	1170	19	29	0	0
1	1	2	1171	19	30	0	0
1	1	2	1172	19	31	0	0
1	1	2	1173	19	32	0	0
1	1	2	1174	19	33	0	0
1	1	2	1175	19	34	0	0
1	1	2	1176	19	35	0	0
1	1	2	1177	19	36	0	0
1	1	2	1178	19	37	0	0
1	1	2	1179	19	38	0	0
1	1	2	1180	19	39	0	0
1	1	2	1181	19	40	0	0
1	1	2	1182	19	41	0	0
1	1	2	1183	19	42	0	0
1	1	2	1184	19	43	0	0
1	1	2	1185	19	44	0	0
1	1	2	1186	19	45	0	0
1	1	2	1187	19	46	0	0
1	1	2	1188	19	47	0	0
1	1	2	1189	19	48	0	0
1	1	2	1190	19	49	0	0
1	1	2	1191	19	50	0	0
1	1	2	1192	19	51	0	0
1	1	2	1193	19	52	0	0
1	1	2	1194	19	53	0	0
1	1	2	1195	19	54	0	0
1	1	2	1196	19	55	0	0
1	1	2	1197	19	56	0	0
1	1	2	1198	19	57	0	0
1	1	2	1199	19	58	0	0
1	1	2	1200	19	59	0	0
1	1	2	1201	20	0	0	0
1	1	2	1202	20	1	0	0
1	1	2	1203	20	2	0	0
1	1	2	1204	20	3	0	0
1	1	2	1205	20	4	0	0
1	1	2	1206	20	5	0	0
1	1	2	1207	20	6	0	0
1	1	2	1208	20	7	0	0
1	1	2	1209	20	8	0	0
1	1	2	1210	20	9	0	0
1	1	2	1211	20	10	0	0
1	1	2	1212	20	11	0	0
1	1	2	1213	20	12	0	0
1	1	2	1214	20	13	0	0
1	1	2	1215	20	14	0	0
1	1	2	1216	20	15	0	0
1	1	2	1217	20	16	0	0
1	1	2	1218	20	17	0	0
1	1	2	1219	20	18	0	0
1	1	2	1220	20	19	0	0
1	1	2	1221	20	20	0	0
1	1	2	1222	20	21	0	0
1	1	2	1223	20	22	0	0
1	1	2	1224	20	23	0	0
1	1	2	1225	20	24	0	0
1	1	2	1226	20	25	0	0
1	1	2	1227	20	26	0	0
1	1	2	1228	20	27	0	0
1	1	2	1229	20	28	0	0
1	1	2	1230	20	29	0	0
1	1	2	1231	20	30	0	0
1	1	2	1232	20	31	0	0
1	1	2	1233	20	32	0	0
1	1	2	1234	20	33	0	0
1	1	2	1235	20	34	0	0
1	1	2	1236	20	35	0	0
1	1	2	1237	20	36	0	0
1	1	2	1238	20	37	0	0
1	1	2	1239	20	38	0	0
1	1	2	1240	20	39	0	0
1	1	2	1241	20	40	0	0
1	1	2	1242	20	41	0	0
1	1	2	1243	20	42	0	0
1	1	2	1244	20	43	0	0
1	1	2	1245	20	44	0	0
1	1	2	1246	20	45	0	0
1	1	2	1247	20	46	0	0
1	1	2	1248	20	47	0	0
1	1	2	1249	20	48	0	0
1	1	2	1250	20	49	0	0
1	1	2	1251	20	50	0	0
1	1	2	1252	20	51	0	0
1	1	2	1253	20	52	0	0
1	1	2	1254	20	53	0	0
1	1	2	1255	20	54	0	0
1	1	2	1256	20	55	0	0
1	1	2	1257	20	56	0	0
1	1	2	1258	20	57	0	0
1	1	2	1259	20	58	0	0
1	1	2	1260	20	59	0	0
1	1	2	1261	21	0	0	0
1	1	2	1262	21	1	0	0
1	1	2	1263	21	2	0	0
1	1	2	1264	21	3	0	0
1	1	2	1265	21	4	0	0
1	1	2	1266	21	5	0	0
1	1	2	1267	21	6	0	0
1	1	2	1268	21	7	0	0
1	1	2	1269	21	8	0	0
1	1	2	1270	21	9	0	0
1	1	2	1271	21	10	0	0
1	1	2	1272	21	11	0	0
1	1	2	1273	21	12	0	0
1	1	2	1274	21	13	0	0
1	1	2	1275	21	14	0	0
1	1	2	1276	21	15	0	0
1	1	2	1277	21	16	0	0
1	1	2	1278	21	17	0	0
1	1	2	1279	21	18	0	0
1	1	2	1280	21	19	0	0
1	1	2	1281	21	20	0	0
1	1	2	1282	21	21	0	0
1	1	2	1283	21	22	0	0
1	1	2	1284	21	23	0	0
1	1	2	1285	21	24	0	0
1	1	2	1286	21	25	0	0
1	1	2	1287	21	26	0	0
1	1	2	1288	21	27	0	0
1	1	2	1289	21	28	0	0
1	1	2	1290	21	29	0	0
1	1	2	1291	21	30	0	0
1	1	2	1292	21	31	0	0
1	1	2	1293	21	32	0	1
1	1	2	1294	21	33	0	0
1	1	2	1295	21	34	0	0
1	1	2	1296	21	35	0	0
1	1	2	1297	21	36	0	0
1	1	2	1298	21	37	0	0
1	1	2	1299	21	38	0	0
1	1	2	1300	21	39	0	0
1	1	2	1301	21	40	0	0
1	1	2	1302	21	41	0	0
1	1	2	1303	21	42	0	0
1	1	2	1304	21	43	0	0
1	1	2	1305	21	44	0	0
1	1	2	1306	21	45	0	0
1	1	2	1307	21	46	0	0
1	1	2	1308	21	47	0	0
1	1	2	1309	21	48	0	0
1	1	2	1310	21	49	0	0
1	1	2	1311	21	50	0	0
1	1	2	1312	21	51	0	0
1	1	2	1313	21	52	0	0
1	1	2	1314	21	53	0	0
1	1	2	1315	21	54	0	0
1	1	2	1316	21	55	0	0
1	1	2	1317	21	56	0	0
1	1	2	1318	21	57	0	0
1	1	2	1319	21	58	0	0
1	1	2	1320	21	59	0	0
1	1	2	1321	22	0	0	0
1	1	2	1322	22	1	0	0
1	1	2	1323	22	2	0	0
1	1	2	1324	22	3	0	0
1	1	2	1325	22	4	0	0
1	1	2	1326	22	5	0	0
1	1	2	1327	22	6	0	0
1	1	2	1328	22	7	0	0
1	1	2	1329	22	8	0	0
1	1	2	1330	22	9	0	0
1	1	2	1331	22	10	0	0
1	1	2	1332	22	11	0	0
1	1	2	1333	22	12	0	0
1	1	2	1334	22	13	0	0
1	1	2	1335	22	14	0	0
1	1	2	1336	22	15	0	0
1	1	2	1337	22	16	0	0
1	1	2	1338	22	17	0	0
1	1	2	1339	22	18	0	0
1	1	2	1340	22	19	0	0
1	1	2	1341	22	20	0	0
1	1	2	1342	22	21	0	0
1	1	2	1343	22	22	0	0
1	1	2	1344	22	23	0	0
1	1	2	1345	22	24	0	0
1	1	2	1346	22	25	0	0
1	1	2	1347	22	26	0	0
1	1	2	1348	22	27	0	0
1	1	2	1349	22	28	0	0
1	1	2	1350	22	29	2	0
1	1	2	1351	22	30	0	0
1	1	2	1352	22	31	0	0
1	1	2	1353	22	32	0	0
1	1	2	1354	22	33	0	0
1	1	2	1355	22	34	0	0
1	1	2	1356	22	35	0	0
1	1	2	1357	22	36	0	0
1	1	2	1358	22	37	0	0
1	1	2	1359	22	38	0	0
1	1	2	1360	22	39	0	0
1	1	2	1361	22	40	0	0
1	1	2	1362	22	41	0	0
1	1	2	1363	22	42	0	0
1	1	2	1364	22	43	0	0
1	1	2	1365	22	44	0	0
1	1	2	1366	22	45	0	0
1	1	2	1367	22	46	0	0
1	1	2	1368	22	47	0	0
1	1	2	1369	22	48	0	0
1	1	2	1370	22	49	0	0
1	1	2	1371	22	50	0	0
1	1	2	1372	22	51	0	0
1	1	2	1373	22	52	0	0
1	1	2	1374	22	53	0	0
1	1	2	1375	22	54	0	0
1	1	2	1376	22	55	0	0
1	1	2	1377	22	56	0	0
1	1	2	1378	22	57	0	0
1	1	2	1379	22	58	0	0
1	1	2	1380	22	59	0	0
1	1	2	1381	23	0	0	0
1	1	2	1382	23	1	0	0
1	1	2	1383	23	2	0	0
1	1	2	1384	23	3	0	0
1	1	2	1385	23	4	0	0
1	1	2	1386	23	5	0	0
1	1	2	1387	23	6	0	0
1	1	2	1388	23	7	0	0
1	1	2	1389	23	8	0	0
1	1	2	1390	23	9	0	0
1	1	2	1391	23	10	0	0
1	1	2	1392	23	11	0	0
1	1	2	1393	23	12	0	0
1	1	2	1394	23	13	0	0
1	1	2	1395	23	14	0	0
1	1	2	1396	23	15	0	0
1	1	2	1397	23	16	0	0
1	1	2	1398	23	17	0	0
1	1	2	1399	23	18	0	0
1	1	2	1400	23	19	0	0
1	1	2	1401	23	20	0	0
1	1	2	1402	23	21	0	0
1	1	2	1403	23	22	0	0
1	1	2	1404	23	23	0	0
1	1	2	1405	23	24	0	0
1	1	2	1406	23	25	0	0
1	1	2	1407	23	26	0	0
1	1	2	1408	23	27	0	0
1	1	2	1409	23	28	0	0
1	1	2	1410	23	29	0	0
1	1	2	1411	23	30	0	0
1	1	2	1412	23	31	0	0
1	1	2	1413	23	32	0	0
1	1	2	1414	23	33	0	0
1	1	2	1415	23	34	0	0
1	1	2	1416	23	35	0	0
1	1	2	1417	23	36	0	0
1	1	2	1418	23	37	0	0
1	1	2	1419	23	38	0	0
1	1	2	1420	23	39	0	0
1	1	2	1421	23	40	0	0
1	1	2	1422	23	41	0	0
1	1	2	1423	23	42	0	0
1	1	2	1424	23	43	0	0
1	1	2	1425	23	44	0	0
1	1	2	1426	23	45	0	0
1	1	2	1427	23	46	0	0
1	1	2	1428	23	47	0	0
1	1	2	1429	23	48	0	0
1	1	2	1430	23	49	0	0
1	1	2	1431	23	50	0	0
1	1	2	1432	23	51	0	0
1	1	2	1433	23	52	0	0
1	1	2	1434	23	53	0	0
1	1	2	1435	23	54	0	0
1	1	2	1436	23	55	0	0
1	1	2	1437	23	56	0	0
1	1	2	1438	23	57	0	0
1	1	2	1439	23	58	0	0
1	1	2	1440	23	59	0	0
1	1	3	1441	0	0	0	0
1	1	3	1442	0	1	0	0
1	1	3	1443	0	2	0	0
1	1	3	1444	0	3	0	0
1	1	3	1445	0	4	0	0
1	1	3	1446	0	5	0	0
1	1	3	1447	0	6	0	0
1	1	3	1448	0	7	0	0
1	1	3	1449	0	8	0	0
1	1	3	1450	0	9	0	0
1	1	3	1451	0	10	0	0
1	1	3	1452	0	11	0	0
1	1	3	1453	0	12	0	0
1	1	3	1454	0	13	0	0
1	1	3	1455	0	14	0	0
1	1	3	1456	0	15	0	0
1	1	3	1457	0	16	0	0
1	1	3	1458	0	17	0	0
1	1	3	1459	0	18	0	0
1	1	3	1460	0	19	0	0
1	1	3	1461	0	20	0	0
1	1	3	1462	0	21	0	0
1	1	3	1463	0	22	0	0
1	1	3	1464	0	23	0	0
1	1	3	1465	0	24	0	0
1	1	3	1466	0	25	0	0
1	1	3	1467	0	26	0	0
1	1	3	1468	0	27	0	0
1	1	3	1469	0	28	0	0
1	1	3	1470	0	29	0	0
1	1	3	1471	0	30	0	0
1	1	3	1472	0	31	0	0
1	1	3	1473	0	32	0	0
1	1	3	1474	0	33	0	0
1	1	3	1475	0	34	0	0
1	1	3	1476	0	35	0	0
1	1	3	1477	0	36	0	0
1	1	3	1478	0	37	0	0
1	1	3	1479	0	38	0	0
1	1	3	1480	0	39	0	0
1	1	3	1481	0	40	0	0
1	1	3	1482	0	41	0	0
1	1	3	1483	0	42	0	0
1	1	3	1484	0	43	0	0
1	1	3	1485	0	44	0	0
1	1	3	1486	0	45	0	0
1	1	3	1487	0	46	0	0
1	1	3	1488	0	47	0	0
1	1	3	1489	0	48	0	0
1	1	3	1490	0	49	0	0
1	1	3	1491	0	50	0	0
1	1	3	1492	0	51	0	0
1	1	3	1493	0	52	0	0
1	1	3	1494	0	53	0	0
1	1	3	1495	0	54	0	0
1	1	3	1496	0	55	0	0
1	1	3	1497	0	56	0	0
1	1	3	1498	0	57	0	0
1	1	3	1499	0	58	0	0
1	1	3	1500	0	59	0	0
1	1	3	1501	1	0	0	0
1	1	3	1502	1	1	0	0
1	1	3	1503	1	2	0	0
1	1	3	1504	1	3	0	0
1	1	3	1505	1	4	0	0
1	1	3	1506	1	5	0	0
1	1	3	1507	1	6	3	1
1	1	3	1508	1	7	0	0
1	1	3	1509	1	8	0	0
1	1	3	1510	1	9	0	0
1	1	3	1511	1	10	1	0
1	1	3	1512	1	11	0	0
1	1	3	1513	1	12	0	0
1	1	3	1514	1	13	0	0
1	1	3	1515	1	14	86	9
1	1	3	1516	1	15	0	0
1	1	3	1517	1	16	0	0
1	1	3	1518	1	17	107	10
1	1	3	1519	1	18	54	6
1	1	3	1520	1	19	70	5
1	1	3	1521	1	20	63	6
1	1	3	1522	1	21	195	17
1	1	3	1523	1	22	239	21
1	1	3	1524	1	23	80	12
1	1	3	1525	1	24	485	40
1	1	3	1526	1	25	35	5
1	1	3	1527	1	26	32	4
1	1	3	1528	1	27	74	5
1	1	3	1529	1	28	82	11
1	1	3	1530	1	29	30	2
1	1	3	1531	1	30	69	7
1	1	3	1532	1	31	95	11
1	1	3	1533	1	32	81	12
1	1	3	1534	1	33	64	10
1	1	3	1535	1	34	114	17
1	1	3	1536	1	35	111	19
1	1	3	1537	1	36	158	19
1	1	3	1538	1	37	167	18
1	1	3	1539	1	38	107	16
1	1	3	1540	1	39	3	0
1	1	3	1541	1	40	235	24
1	1	3	1542	1	41	228	22
1	1	3	1543	1	42	250	23
1	1	3	1544	1	43	32	4
1	1	3	1545	1	44	83	11
1	1	3	1546	1	45	32	4
1	1	3	1547	1	46	57	7
1	1	3	1548	1	47	1	0
1	1	3	1549	1	48	10	2
1	1	3	1550	1	49	76	12
1	1	3	1551	1	50	96	10
1	1	3	1552	1	51	64	8
1	1	3	1553	1	52	154	14
1	1	3	1554	1	53	87	14
1	1	3	1555	1	54	29	3
1	1	3	1556	1	55	168	13
1	1	3	1557	1	56	90	9
1	1	3	1558	1	57	0	0
1	1	3	1559	1	58	0	0
1	1	3	1560	1	59	0	0
1	1	3	1561	2	0	0	0
1	1	3	1562	2	1	0	0
1	1	3	1563	2	2	0	0
1	1	3	1564	2	3	8	2
1	1	3	1565	2	4	0	0
1	1	3	1566	2	5	0	0
1	1	3	1567	2	6	0	0
1	1	3	1568	2	7	0	0
1	1	3	1569	2	8	10	2
1	1	3	1570	2	9	76	5
1	1	3	1571	2	10	0	0
1	1	3	1572	2	11	0	0
1	1	3	1573	2	12	0	0
1	1	3	1574	2	13	0	0
1	1	3	1575	2	14	0	0
1	1	3	1576	2	15	0	0
1	1	3	1577	2	16	0	0
1	1	3	1578	2	17	0	0
1	1	3	1579	2	18	0	0
1	1	3	1580	2	19	0	0
1	1	3	1581	2	20	0	0
1	1	3	1582	2	21	0	0
1	1	3	1583	2	22	0	0
1	1	3	1584	2	23	0	0
1	1	3	1585	2	24	0	0
1	1	3	1586	2	25	0	0
1	1	3	1587	2	26	0	0
1	1	3	1588	2	27	0	0
1	1	3	1589	2	28	0	0
1	1	3	1590	2	29	0	0
1	1	3	1591	2	30	0	0
1	1	3	1592	2	31	0	0
1	1	3	1593	2	32	0	0
1	1	3	1594	2	33	0	0
1	1	3	1595	2	34	0	0
1	1	3	1596	2	35	0	0
1	1	3	1597	2	36	0	0
1	1	3	1598	2	37	0	0
1	1	3	1599	2	38	0	0
1	1	3	1600	2	39	0	0
1	1	3	1601	2	40	0	0
1	1	3	1602	2	41	0	0
1	1	3	1603	2	42	0	0
1	1	3	1604	2	43	0	0
1	1	3	1605	2	44	0	0
1	1	3	1606	2	45	0	0
1	1	3	1607	2	46	0	0
1	1	3	1608	2	47	0	0
1	1	3	1609	2	48	0	0
1	1	3	1610	2	49	0	0
1	1	3	1611	2	50	0	0
1	1	3	1612	2	51	0	0
1	1	3	1613	2	52	1	0
1	1	3	1614	2	53	0	0
1	1	3	1615	2	54	0	0
1	1	3	1616	2	55	0	0
1	1	3	1617	2	56	0	0
1	1	3	1618	2	57	0	0
1	1	3	1619	2	58	0	0
1	1	3	1620	2	59	18	1
1	1	3	1621	3	0	44	5
1	1	3	1622	3	1	109	17
1	1	3	1623	3	2	63	7
1	1	3	1624	3	3	18	2
1	1	3	1625	3	4	9	1
1	1	3	1626	3	5	0	0
1	1	3	1627	3	6	3	1
1	1	3	1628	3	7	0	0
1	1	3	1629	3	8	0	0
1	1	3	1630	3	9	0	0
1	1	3	1631	3	10	0	0
1	1	3	1632	3	11	0	0
1	1	3	1633	3	12	0	0
1	1	3	1634	3	13	0	0
1	1	3	1635	3	14	0	0
1	1	3	1636	3	15	0	0
1	1	3	1637	3	16	0	0
1	1	3	1638	3	17	0	0
1	1	3	1639	3	18	0	0
1	1	3	1640	3	19	0	0
1	1	3	1641	3	20	0	0
1	1	3	1642	3	21	0	0
1	1	3	1643	3	22	0	0
1	1	3	1644	3	23	10	1
1	1	3	1645	3	24	0	0
1	1	3	1646	3	25	0	0
1	1	3	1647	3	26	0	0
1	1	3	1648	3	27	0	0
1	1	3	1649	3	28	0	0
1	1	3	1650	3	29	0	0
1	1	3	1651	3	30	0	0
1	1	3	1652	3	31	0	0
1	1	3	1653	3	32	0	0
1	1	3	1654	3	33	0	0
1	1	3	1655	3	34	0	0
1	1	3	1656	3	35	0	0
1	1	3	1657	3	36	0	0
1	1	3	1658	3	37	0	0
1	1	3	1659	3	38	0	0
1	1	3	1660	3	39	0	0
1	1	3	1661	3	40	0	0
1	1	3	1662	3	41	0	0
1	1	3	1663	3	42	0	0
1	1	3	1664	3	43	0	0
1	1	3	1665	3	44	0	0
1	1	3	1666	3	45	0	0
1	1	3	1667	3	46	0	0
1	1	3	1668	3	47	0	0
1	1	3	1669	3	48	0	0
1	1	3	1670	3	49	0	0
1	1	3	1671	3	50	2	0
1	1	3	1672	3	51	0	0
1	1	3	1673	3	52	0	0
1	1	3	1674	3	53	0	0
1	1	3	1675	3	54	0	0
1	1	3	1676	3	55	0	0
1	1	3	1677	3	56	0	0
1	1	3	1678	3	57	0	0
1	1	3	1679	3	58	0	0
1	1	3	1680	3	59	0	0
1	1	3	1681	4	0	0	0
1	1	3	1682	4	1	0	0
1	1	3	1683	4	2	0	0
1	1	3	1684	4	3	0	0
1	1	3	1685	4	4	0	0
1	1	3	1686	4	5	0	0
1	1	3	1687	4	6	0	0
1	1	3	1688	4	7	0	0
1	1	3	1689	4	8	0	0
1	1	3	1690	4	9	0	0
1	1	3	1691	4	10	0	0
1	1	3	1692	4	11	0	0
1	1	3	1693	4	12	0	0
1	1	3	1694	4	13	0	0
1	1	3	1695	4	14	0	0
1	1	3	1696	4	15	0	0
1	1	3	1697	4	16	0	0
1	1	3	1698	4	17	0	0
1	1	3	1699	4	18	0	0
1	1	3	1700	4	19	0	0
1	1	3	1701	4	20	0	0
1	1	3	1702	4	21	0	0
1	1	3	1703	4	22	0	0
1	1	3	1704	4	23	0	0
1	1	3	1705	4	24	0	0
1	1	3	1706	4	25	0	0
1	1	3	1707	4	26	0	0
1	1	3	1708	4	27	0	0
1	1	3	1709	4	28	0	0
1	1	3	1710	4	29	0	0
1	1	3	1711	4	30	0	0
1	1	3	1712	4	31	0	0
1	1	3	1713	4	32	0	0
1	1	3	1714	4	33	0	0
1	1	3	1715	4	34	1	0
1	1	3	1716	4	35	0	0
1	1	3	1717	4	36	0	0
1	1	3	1718	4	37	0	0
1	1	3	1719	4	38	0	0
1	1	3	1720	4	39	0	0
1	1	3	1721	4	40	0	0
1	1	3	1722	4	41	0	0
1	1	3	1723	4	42	0	0
1	1	3	1724	4	43	0	0
1	1	3	1725	4	44	0	0
1	1	3	1726	4	45	0	0
1	1	3	1727	4	46	0	0
1	1	3	1728	4	47	0	0
1	1	3	1729	4	48	0	0
1	1	3	1730	4	49	0	0
1	1	3	1731	4	50	1604	2
1	1	3	1732	4	51	15	1
1	1	3	1733	4	52	0	0
1	1	3	1734	4	53	0	0
1	1	3	1735	4	54	16	2
1	1	3	1736	4	55	23	3
1	1	3	1737	4	56	0	0
1	1	3	1738	4	57	0	0
1	1	3	1739	4	58	0	0
1	1	3	1740	4	59	9	0
1	1	3	1741	5	0	0	0
1	1	3	1742	5	1	2	0
1	1	3	1743	5	2	9	0
1	1	3	1744	5	3	0	0
1	1	3	1745	5	4	8	1
1	1	3	1746	5	5	14	1
1	1	3	1747	5	6	39	4
1	1	3	1748	5	7	23	2
1	1	3	1749	5	8	0	0
1	1	3	1750	5	9	45	4
1	1	3	1751	5	10	0	0
1	1	3	1752	5	11	42	3
1	1	3	1753	5	12	0	0
1	1	3	1754	5	13	0	0
1	1	3	1755	5	14	20	2
1	1	3	1756	5	15	44	2
1	1	3	1757	5	16	55	4
1	1	3	1758	5	17	14	1
1	1	3	1759	5	18	28	3
1	1	3	1760	5	19	24	2
1	1	3	1761	5	20	15	2
1	1	3	1762	5	21	66	5
1	1	3	1763	5	22	29	2
1	1	3	1764	5	23	35	2
1	1	3	1765	5	24	0	0
1	1	3	1766	5	25	0	0
1	1	3	1767	5	26	71	4
1	1	3	1768	5	27	17	2
1	1	3	1769	5	28	4	1
1	1	3	1770	5	29	0	0
1	1	3	1771	5	30	1	0
1	1	3	1772	5	31	2	0
1	1	3	1773	5	32	50	2
1	1	3	1774	5	33	0	0
1	1	3	1775	5	34	27	2
1	1	3	1776	5	35	0	0
1	1	3	1777	5	36	0	0
1	1	3	1778	5	37	0	0
1	1	3	1779	5	38	4	0
1	1	3	1780	5	39	330	5
1	1	3	1781	5	40	0	0
1	1	3	1782	5	41	52	1
1	1	3	1783	5	42	45	1
1	1	3	1784	5	43	19	1
1	1	3	1785	5	44	1884	5
1	1	3	1786	5	45	20	0
1	1	3	1787	5	46	0	0
1	1	3	1788	5	47	0	0
1	1	3	1789	5	48	0	0
1	1	3	1790	5	49	0	0
1	1	3	1791	5	50	0	0
1	1	3	1792	5	51	0	0
1	1	3	1793	5	52	0	0
1	1	3	1794	5	53	0	1
1	1	3	1795	5	54	49	1
1	1	3	1796	5	55	0	0
1	1	3	1797	5	56	0	0
1	1	3	1798	5	57	3	0
1	1	3	1799	5	58	0	0
1	1	3	1800	5	59	88	5
1	1	3	1801	6	0	39	2
1	1	3	1802	6	1	0	0
1	1	3	1803	6	2	0	0
1	1	3	1804	6	3	75	4
1	1	3	1805	6	4	27	1
1	1	3	1806	6	5	37	1
1	1	3	1807	6	6	18	1
1	1	3	1808	6	7	6	0
1	1	3	1809	6	8	58	3
1	1	3	1810	6	9	0	0
1	1	3	1811	6	10	0	0
1	1	3	1812	6	11	0	0
1	1	3	1813	6	12	0	0
1	1	3	1814	6	13	0	0
1	1	3	1815	6	14	0	0
1	1	3	1816	6	15	0	0
1	1	3	1817	6	16	0	0
1	1	3	1818	6	17	36	5
1	1	3	1819	6	18	0	0
1	1	3	1820	6	19	0	0
1	1	3	1821	6	20	0	0
1	1	3	1822	6	21	0	0
1	1	3	1823	6	22	0	0
1	1	3	1824	6	23	0	0
1	1	3	1825	6	24	0	0
1	1	3	1826	6	25	0	0
1	1	3	1827	6	26	0	0
1	1	3	1828	6	27	0	0
1	1	3	1829	6	28	0	0
1	1	3	1830	6	29	0	0
1	1	3	1831	6	30	0	0
1	1	3	1832	6	31	37	1
1	1	3	1833	6	32	0	0
1	1	3	1834	6	33	44	1
1	1	3	1835	6	34	0	0
1	1	3	1836	6	35	0	0
1	1	3	1837	6	36	0	0
1	1	3	1838	6	37	0	0
1	1	3	1839	6	38	0	0
1	1	3	1840	6	39	0	0
1	1	3	1841	6	40	0	0
1	1	3	1842	6	41	0	0
1	1	3	1843	6	42	0	0
1	1	3	1844	6	43	0	0
1	1	3	1845	6	44	0	0
1	1	3	1846	6	45	0	0
1	1	3	1847	6	46	0	0
1	1	3	1848	6	47	0	0
1	1	3	1849	6	48	0	0
1	1	3	1850	6	49	0	1
1	1	3	1851	6	50	0	0
1	1	3	1852	6	51	0	0
1	1	3	1853	6	52	0	0
1	1	3	1854	6	53	0	0
1	1	3	1855	6	54	0	0
1	1	3	1856	6	55	0	0
1	1	3	1857	6	56	0	0
1	1	3	1858	6	57	46	4
1	1	3	1859	6	58	22	2
1	1	3	1860	6	59	12	2
1	1	3	1861	7	0	24	2
1	1	3	1862	7	1	11	1
1	1	3	1863	7	2	16	1
1	1	3	1864	7	3	13	1
1	1	3	1865	7	4	38	2
1	1	3	1866	7	5	27	0
1	1	3	1867	7	6	96	4
1	1	3	1868	7	7	33	2
1	1	3	1869	7	8	38	2
1	1	3	1870	7	9	28	3
1	1	3	1871	7	10	80	5
1	1	3	1872	7	11	30	3
1	1	3	1873	7	12	30	2
1	1	3	1874	7	13	1	0
1	1	3	1875	7	14	10	1
1	1	3	1876	7	15	66	5
1	1	3	1877	7	16	12	1
1	1	3	1878	7	17	84	4
1	1	3	1879	7	18	13	1
1	1	3	1880	7	19	14	2
1	1	3	1881	7	20	40	1
1	1	3	1882	7	21	0	0
1	1	3	1883	7	22	25	2
1	1	3	1884	7	23	28	3
1	1	3	1885	7	24	26	1
1	1	3	1886	7	25	13	1
1	1	3	1887	7	26	5	1
1	1	3	1888	7	27	107	9
1	1	3	1889	7	28	38	3
1	1	3	1890	7	29	11	1
1	1	3	1891	7	30	53	3
1	1	3	1892	7	31	13	2
1	1	3	1893	7	32	0	0
1	1	3	1894	7	33	0	0
1	1	3	1895	7	34	0	0
1	1	3	1896	7	35	0	0
1	1	3	1897	7	36	0	0
1	1	3	1898	7	37	0	0
1	1	3	1899	7	38	0	0
1	1	3	1900	7	39	0	0
1	1	3	1901	7	40	0	0
1	1	3	1902	7	41	0	0
1	1	3	1903	7	42	0	0
1	1	3	1904	7	43	0	0
1	1	3	1905	7	44	0	0
1	1	3	1906	7	45	0	0
1	1	3	1907	7	46	0	0
1	1	3	1908	7	47	0	0
1	1	3	1909	7	48	0	0
1	1	3	1910	7	49	0	0
1	1	3	1911	7	50	0	0
1	1	3	1912	7	51	0	0
1	1	3	1913	7	52	0	0
1	1	3	1914	7	53	0	0
1	1	3	1915	7	54	0	0
1	1	3	1916	7	55	0	0
1	1	3	1917	7	56	0	0
1	1	3	1918	7	57	0	0
1	1	3	1919	7	58	0	0
1	1	3	1920	7	59	0	0
1	1	3	1921	8	0	60	1
1	1	3	1922	8	1	2625	4
1	1	3	1923	8	2	0	0
1	1	3	1924	8	3	0	0
1	1	3	1925	8	4	0	0
1	1	3	1926	8	5	0	0
1	1	3	1927	8	6	0	0
1	1	3	1928	8	7	0	0
1	1	3	1929	8	8	39	1
1	1	3	1930	8	9	0	0
1	1	3	1931	8	10	0	0
1	1	3	1932	8	11	0	0
1	1	3	1933	8	12	0	0
1	1	3	1934	8	13	0	0
1	1	3	1935	8	14	0	0
1	1	3	1936	8	15	0	0
1	1	3	1937	8	16	0	0
1	1	3	1938	8	17	0	0
1	1	3	1939	8	18	0	0
1	1	3	1940	8	19	0	0
1	1	3	1941	8	20	0	0
1	1	3	1942	8	21	0	0
1	1	3	1943	8	22	1522	1
1	1	3	1944	8	23	0	0
1	1	3	1945	8	24	0	0
1	1	3	1946	8	25	0	0
1	1	3	1947	8	26	0	0
1	1	3	1948	8	27	0	0
1	1	3	1949	8	28	0	0
1	1	3	1950	8	29	0	0
1	1	3	1951	8	30	0	0
1	1	3	1952	8	31	0	0
1	1	3	1953	8	32	0	0
1	1	3	1954	8	33	0	0
1	1	3	1955	8	34	0	0
1	1	3	1956	8	35	0	0
1	1	3	1957	8	36	0	0
1	1	3	1958	8	37	0	0
1	1	3	1959	8	38	0	0
1	1	3	1960	8	39	0	0
1	1	3	1961	8	40	0	0
1	1	3	1962	8	41	0	0
1	1	3	1963	8	42	0	0
1	1	3	1964	8	43	0	0
1	1	3	1965	8	44	0	0
1	1	3	1966	8	45	0	0
1	1	3	1967	8	46	0	0
1	1	3	1968	8	47	0	0
1	1	3	1969	8	48	0	0
1	1	3	1970	8	49	0	0
1	1	3	1971	8	50	0	0
1	1	3	1972	8	51	0	0
1	1	3	1973	8	52	0	0
1	1	3	1974	8	53	0	0
1	1	3	1975	8	54	0	0
1	1	3	1976	8	55	0	0
1	1	3	1977	8	56	0	0
1	1	3	1978	8	57	0	0
1	1	3	1979	8	58	0	0
1	1	3	1980	8	59	0	0
1	1	3	1981	9	0	0	0
1	1	3	1982	9	1	0	0
1	1	3	1983	9	2	0	0
1	1	3	1984	9	3	0	0
1	1	3	1985	9	4	0	0
1	1	3	1986	9	5	0	0
1	1	3	1987	9	6	0	0
1	1	3	1988	9	7	0	0
1	1	3	1989	9	8	0	0
1	1	3	1990	9	9	0	0
1	1	3	1991	9	10	0	0
1	1	3	1992	9	11	0	0
1	1	3	1993	9	12	0	0
1	1	3	1994	9	13	0	0
1	1	3	1995	9	14	0	0
1	1	3	1996	9	15	0	0
1	1	3	1997	9	16	0	0
1	1	3	1998	9	17	0	0
1	1	3	1999	9	18	0	0
1	1	3	2000	9	19	0	0
1	1	3	2001	9	20	0	0
1	1	3	2002	9	21	0	0
1	1	3	2003	9	22	0	0
1	1	3	2004	9	23	0	0
1	1	3	2005	9	24	0	0
1	1	3	2006	9	25	0	0
1	1	3	2007	9	26	0	0
1	1	3	2008	9	27	0	0
1	1	3	2009	9	28	0	0
1	1	3	2010	9	29	0	0
1	1	3	2011	9	30	0	0
1	1	3	2012	9	31	0	0
1	1	3	2013	9	32	0	0
1	1	3	2014	9	33	0	0
1	1	3	2015	9	34	0	0
1	1	3	2016	9	35	0	0
1	1	3	2017	9	36	0	0
1	1	3	2018	9	37	0	0
1	1	3	2019	9	38	0	0
1	1	3	2020	9	39	0	0
1	1	3	2021	9	40	0	0
1	1	3	2022	9	41	0	0
1	1	3	2023	9	42	0	0
1	1	3	2024	9	43	0	0
1	1	3	2025	9	44	0	0
1	1	3	2026	9	45	0	0
1	1	3	2027	9	46	0	0
1	1	3	2028	9	47	0	0
1	1	3	2029	9	48	0	0
1	1	3	2030	9	49	0	0
1	1	3	2031	9	50	0	0
1	1	3	2032	9	51	0	0
1	1	3	2033	9	52	0	0
1	1	3	2034	9	53	0	0
1	1	3	2035	9	54	0	0
1	1	3	2036	9	55	0	0
1	1	3	2037	9	56	0	0
1	1	3	2038	9	57	0	0
1	1	3	2039	9	58	0	0
1	1	3	2040	9	59	0	0
1	1	3	2041	10	0	0	0
1	1	3	2042	10	1	0	0
1	1	3	2043	10	2	61	5
1	1	3	2044	10	3	22	1
1	1	3	2045	10	4	0	0
1	1	3	2046	10	5	0	0
1	1	3	2047	10	6	0	0
1	1	3	2048	10	7	0	0
1	1	3	2049	10	8	0	0
1	1	3	2050	10	9	0	0
1	1	3	2051	10	10	0	0
1	1	3	2052	10	11	0	0
1	1	3	2053	10	12	0	0
1	1	3	2054	10	13	0	0
1	1	3	2055	10	14	0	0
1	1	3	2056	10	15	0	0
1	1	3	2057	10	16	0	0
1	1	3	2058	10	17	0	0
1	1	3	2059	10	18	0	0
1	1	3	2060	10	19	0	0
1	1	3	2061	10	20	0	0
1	1	3	2062	10	21	0	0
1	1	3	2063	10	22	0	0
1	1	3	2064	10	23	0	0
1	1	3	2065	10	24	0	0
1	1	3	2066	10	25	0	0
1	1	3	2067	10	26	0	0
1	1	3	2068	10	27	0	0
1	1	3	2069	10	28	0	0
1	1	3	2070	10	29	0	0
1	1	3	2071	10	30	0	0
1	1	3	2072	10	31	0	0
1	1	3	2073	10	32	0	0
1	1	3	2074	10	33	0	0
1	1	3	2075	10	34	0	0
1	1	3	2076	10	35	0	0
1	1	3	2077	10	36	0	0
1	1	3	2078	10	37	0	0
1	1	3	2079	10	38	0	0
1	1	3	2080	10	39	0	0
1	1	3	2081	10	40	0	0
1	1	3	2082	10	41	0	0
1	1	3	2083	10	42	0	0
1	1	3	2084	10	43	0	0
1	1	3	2085	10	44	0	0
1	1	3	2086	10	45	0	0
1	1	3	2087	10	46	0	0
1	1	3	2088	10	47	0	0
1	1	3	2089	10	48	0	0
1	1	3	2090	10	49	0	0
1	1	3	2091	10	50	0	0
1	1	3	2092	10	51	0	0
1	1	3	2093	10	52	0	0
1	1	3	2094	10	53	0	0
1	1	3	2095	10	54	0	0
1	1	3	2096	10	55	278	2
1	1	3	2097	10	56	612	4
1	1	3	2098	10	57	0	0
1	1	3	2099	10	58	0	0
1	1	3	2100	10	59	0	0
1	1	3	2101	11	0	0	0
1	1	3	2102	11	1	0	0
1	1	3	2103	11	2	0	0
1	1	3	2104	11	3	0	0
1	1	3	2105	11	4	0	0
1	1	3	2106	11	5	0	0
1	1	3	2107	11	6	0	0
1	1	3	2108	11	7	0	0
1	1	3	2109	11	8	0	0
1	1	3	2110	11	9	0	0
1	1	3	2111	11	10	0	0
1	1	3	2112	11	11	0	0
1	1	3	2113	11	12	0	0
1	1	3	2114	11	13	0	0
1	1	3	2115	11	14	0	0
1	1	3	2116	11	15	0	0
1	1	3	2117	11	16	0	0
1	1	3	2118	11	17	0	0
1	1	3	2119	11	18	0	0
1	1	3	2120	11	19	0	0
1	1	3	2121	11	20	0	0
1	1	3	2122	11	21	0	0
1	1	3	2123	11	22	0	0
1	1	3	2124	11	23	0	0
1	1	3	2125	11	24	0	0
1	1	3	2126	11	25	0	0
1	1	3	2127	11	26	0	0
1	1	3	2128	11	27	0	0
1	1	3	2129	11	28	0	0
1	1	3	2130	11	29	0	0
1	1	3	2131	11	30	0	0
1	1	3	2132	11	31	0	0
1	1	3	2133	11	32	0	0
1	1	3	2134	11	33	0	0
1	1	3	2135	11	34	0	0
1	1	3	2136	11	35	0	0
1	1	3	2137	11	36	0	0
1	1	3	2138	11	37	0	0
1	1	3	2139	11	38	0	0
1	1	3	2140	11	39	0	0
1	1	3	2141	11	40	0	0
1	1	3	2142	11	41	0	0
1	1	3	2143	11	42	0	0
1	1	3	2144	11	43	0	0
1	1	3	2145	11	44	0	0
1	1	3	2146	11	45	0	0
1	1	3	2147	11	46	0	0
1	1	3	2148	11	47	0	0
1	1	3	2149	11	48	0	0
1	1	3	2150	11	49	509	6
1	1	3	2151	11	50	0	0
1	1	3	2152	11	51	98	1
1	1	3	2153	11	52	0	0
1	1	3	2154	11	53	0	0
1	1	3	2155	11	54	0	0
1	1	3	2156	11	55	0	0
1	1	3	2157	11	56	0	0
1	1	3	2158	11	57	0	0
1	1	3	2159	11	58	0	0
1	1	3	2160	11	59	0	0
1	1	3	2161	12	0	548	8
1	1	3	2162	12	1	587	20
1	1	3	2163	12	2	176	5
1	1	3	2164	12	3	690	22
1	1	3	2165	12	4	1183	15
1	1	3	2166	12	5	148	6
1	1	3	2167	12	6	73	3
1	1	3	2168	12	7	86	3
1	1	3	2169	12	8	121	4
1	1	3	2170	12	9	51	5
1	1	3	2171	12	10	153	5
1	1	3	2172	12	11	66	3
1	1	3	2173	12	12	259	13
1	1	3	2174	12	13	107	3
1	1	3	2175	12	14	1106	15
1	1	3	2176	12	15	94	2
1	1	3	2177	12	16	518	6
1	1	3	2178	12	17	509	9
1	1	3	2179	12	18	70	2
1	1	3	2180	12	19	2	0
1	1	3	2181	12	20	0	0
1	1	3	2182	12	21	2	1
1	1	3	2183	12	22	0	0
1	1	3	2184	12	23	984	12
1	1	3	2185	12	24	0	0
1	1	3	2186	12	25	0	0
1	1	3	2187	12	26	0	0
1	1	3	2188	12	27	0	0
1	1	3	2189	12	28	0	0
1	1	3	2190	12	29	0	0
1	1	3	2191	12	30	0	0
1	1	3	2192	12	31	0	0
1	1	3	2193	12	32	0	0
1	1	3	2194	12	33	0	0
1	1	3	2195	12	34	0	0
1	1	3	2196	12	35	0	0
1	1	3	2197	12	36	0	0
1	1	3	2198	12	37	0	0
1	1	3	2199	12	38	0	0
1	1	3	2200	12	39	0	0
1	1	3	2201	12	40	0	0
1	1	3	2202	12	41	0	0
1	1	3	2203	12	42	0	0
1	1	3	2204	12	43	0	0
1	1	3	2205	12	44	0	0
1	1	3	2206	12	45	0	0
1	1	3	2207	12	46	0	0
1	1	3	2208	12	47	135	3
1	1	3	2209	12	48	16	2
1	1	3	2210	12	49	616	12
1	1	3	2211	12	50	136	6
1	1	3	2212	12	51	118	5
1	1	3	2213	12	52	66	2
1	1	3	2214	12	53	11	0
1	1	3	2215	12	54	108	3
1	1	3	2216	12	55	158	2
1	1	3	2217	12	56	99	5
1	1	3	2218	12	57	27	2
1	1	3	2219	12	58	12	0
1	1	3	2220	12	59	0	0
1	1	3	2221	13	0	31	4
1	1	3	2222	13	1	295	8
1	1	3	2223	13	2	585	4
1	1	3	2224	13	3	222	8
1	1	3	2225	13	4	339	2
1	1	3	2226	13	5	0	0
1	1	3	2227	13	6	0	0
1	1	3	2228	13	7	0	0
1	1	3	2229	13	8	0	0
1	1	3	2230	13	9	0	0
1	1	3	2231	13	10	0	0
1	1	3	2232	13	11	0	0
1	1	3	2233	13	12	0	0
1	1	3	2234	13	13	0	0
1	1	3	2235	13	14	0	0
1	1	3	2236	13	15	0	0
1	1	3	2237	13	16	0	0
1	1	3	2238	13	17	0	0
1	1	3	2239	13	18	0	0
1	1	3	2240	13	19	0	0
1	1	3	2241	13	20	0	0
1	1	3	2242	13	21	0	0
1	1	3	2243	13	22	0	0
1	1	3	2244	13	23	0	0
1	1	3	2245	13	24	0	0
1	1	3	2246	13	25	0	0
1	1	3	2247	13	26	0	0
1	1	3	2248	13	27	0	0
1	1	3	2249	13	28	0	0
1	1	3	2250	13	29	0	0
1	1	3	2251	13	30	3918	37
